% # columns="iteration, evaluation, sigma, axis ratio, bestever, best, median, worst objective function value, further objective values of best", seed=5, Wed Sep  8 14:19:09 2021, <python>{}</python>
1 8 0.4171612884178991 1.1549544225024655 3.8516452049743917 3.8516452049743917e+00 5.287312213936373 7.50180660363666   
2 16 0.39129613675314984 1.359435425674025 2.61945338100011 2.6194533810001102e+00 4.397026653286533 5.880672752451568   
3 24 0.39366266222814594 1.4824619071456926 1.957177549808425 1.9571775498084250e+00 4.623212833507496 6.0969211935981455   
4 32 0.4919123653594628 1.6404761844980786 1.957177549808425 2.2778589350184855e+00 3.245226923918368 4.575736504628007   
5 40 0.521965291013376 1.5367985823608081 1.4101109540283476 1.4101109540283476e+00 2.9123824076299565 3.8985946851288067   
6 48 0.4966234314196329 1.0000400008000108 1.121311351838928 1.1213113518389279e+00 1.9660384420358556 4.809924768628073   
7 56 0.4618872750642555 1.327326924462891 0.6202144121608257 6.2021441216082573e-01 1.6618902847003134 2.5234543643041145   
8 64 0.4358897618729731 1.3474864975456529 0.3916283592902791 3.9162835929027912e-01 1.8037433872693587 3.2171005971286704   
9 72 0.3560751657199978 1.47663951580198 0.3916283592902791 6.6835273592498834e-01 1.0734033967485967 2.80980457533526   
10 80 0.36850320850199964 1.3937399461220918 0.14533899601307693 1.4533899601307693e-01 0.542044726534859 1.4484406857021526   
11 88 0.37997408649121195 1.3915064634870224 0.14533899601307693 2.0371995788697594e-01 0.519627655016222 0.6888664844937497   
12 96 0.3723196748092025 1.5616878214825471 0.060369699909025826 6.0369699909025826e-02 0.3748038142107818 0.5112934080071898   
13 104 0.3351861493133436 1.7015157106251884 0.060369699909025826 2.0970410277128809e-01 0.3581123317308917 0.7758093322160783   
14 112 0.29484689484148235 1.7654468634431497 0.060369699909025826 9.6996097744684789e-02 0.42243554178712406 0.7245165305225586   
15 120 0.292009573160243 1.7510327210924066 0.060369699909025826 6.5910252065432329e-02 0.33484009241382484 0.4835472953982461   
16 128 0.28943293192269937 1.6610886268127643 0.060369699909025826 8.1285101306507582e-02 0.3124493535177629 0.36942807106167325   
17 136 0.2623651833431089 1.6852118219790533 0.060369699909025826 1.0300444288617851e-01 0.2694846049289651 0.4018573914785983   
18 144 0.24485409121734292 1.6133746623370229 0.04389843913058454 4.3898439130584541e-02 0.19413669876874867 0.42712012796820475   
19 152 0.20963272257763127 1.7233053922200683 0.04389843913058454 5.9999761722156986e-02 0.11319800170703984 0.33173079367332436   
20 160 0.194939118916011 1.662482469412793 0.03804209320705115 3.8042093207051153e-02 0.10642756578796862 0.45634018500963   
21 168 0.19120877757874993 1.7025986665890014 0.03804209320705115 6.5093153509015414e-02 0.13073502083150915 0.21927180803879437   
22 176 0.20844674215482464 1.7329777123075825 0.03280410019143002 3.2804100191430020e-02 0.06328559343416715 0.17232697424041216   
23 184 0.1946410898193542 1.89914949284146 0.03280410019143002 4.5319096254382261e-02 0.07859157034533384 0.15163576650589047   
24 192 0.17141728003707435 1.909167504039905 0.002218831993318594 2.2188319933185941e-03 0.06346739787231198 0.1534288227216192   
25 200 0.13633610099207066 1.7046680341330436 0.002218831993318594 4.9479939574444635e-03 0.024166063754547332 0.23010668056204764   
26 208 0.12578613800949784 1.7352832648323038 0.002218831993318594 6.3128646204648666e-03 0.01668452136846044 0.04616296552742498   
27 216 0.10676109921038984 1.8053470172389907 0.002218831993318594 3.1590759997606548e-03 0.01883650409371028 0.044195972215646875   
28 224 0.09166109538958418 1.7067941544184833 0.002218831993318594 7.2769844523087185e-03 0.01384872834481284 0.01778005489103102   
29 232 0.08026183839244729 1.996211414436128 9.953021794122715e-05 9.9530217941227149e-05 0.015254866370876457 0.026466380815700387   
30 240 0.07187533274112988 1.9944161006359993 9.953021794122715e-05 9.8487442736835897e-04 0.004916654170079054 0.010466254665341007   
31 248 0.058208203388858015 2.0605281923998953 9.953021794122715e-05 1.1073235617666121e-03 0.0040043989589222005 0.017763652609692357   
32 256 0.05636289697823455 1.9529873426870112 9.953021794122715e-05 5.3742247753586379e-04 0.0028216856232339185 0.006910470042074648   
33 264 0.054337958513444015 2.0868947736337438 9.953021794122715e-05 6.0345194666648508e-04 0.00417810773233972 0.006190831341969367   
34 272 0.05084650677103202 2.0014711024861525 9.953021794122715e-05 1.9915425864829735e-03 0.003182392530757877 0.0042380450959272386   
35 280 0.04626829377784369 1.9698495871424533 9.953021794122715e-05 1.5989972152718197e-03 0.003982479604190218 0.005868870017928012   
36 288 0.041070914858420744 2.114019759627005 -0.00026065977214469443 -2.6065977214469443e-04 0.0018386094810412825 0.0035203362431221433   
37 296 0.039991248286071944 2.054200756171393 -0.0005345496541970686 -5.3454965419706864e-04 0.0019169604248874044 0.0022263950856697525   
38 304 0.03593837831009335 2.2964662337837836 -0.0005345496541970686 3.6154820150239913e-04 0.001266121160674456 0.002080131999068439   
39 312 0.033121082787997976 2.328113167631879 -0.0005345496541970686 2.8175564628093590e-04 0.0010847338267227938 0.003431743018440697   
40 320 0.03152740716807714 2.2273486117374315 -0.0005345496541970686 4.3223282730560174e-04 0.001843815527204203 0.0022315836993673055   
41 328 0.028204496017340295 2.169218714291131 -0.0005345496541970686 -4.9920654927964627e-05 0.0007354849047604459 0.0012002175633931938   
42 336 0.024394465265671655 2.3644876776620976 -0.0005345496541970686 -1.8454291319467694e-04 0.0006090345145342565 0.0011698725483308449   
43 344 0.02598681192433883 2.3143962379987784 -0.0005345496541970686 1.2030922552971584e-04 0.0010814313563240745 0.001276330977756204   
44 352 0.023368160323584124 2.0538586132824097 -0.0005345496541970686 -2.3676397723506259e-04 0.0010052616853904446 0.0017264461490568985   
45 360 0.021716196455981673 2.076097533389844 -0.0005589213210539946 -5.5892132105399457e-04 0.0008148408458732675 0.0013582334201264245   
46 368 0.022598502545883355 1.985759803158243 -0.0005589213210539946 -3.9046348015319180e-04 0.0004399627507088216 0.001235605958947737   
47 376 0.022911477593638967 2.1365750244576804 -0.0005589213210539946 -1.2136581471188185e-04 0.001035182006581972 0.001572400402744928   
48 384 0.020047632528607005 2.451315588174453 -0.0005589213210539946 3.3016445714087093e-04 0.0006892310901149148 0.0016321123220520018   
49 392 0.019233464408354408 2.6366523761080423 -0.0005589213210539946 -2.6632604042391053e-04 0.0006031275947510604 0.0010441067289298992   
50 400 0.018141437258774172 2.6622414130796446 -0.0005589213210539946 8.1955167751709534e-05 0.0010144339530274039 0.003097569945135851   
51 408 0.017506984345753294 2.6361200935618547 -0.0005589213210539946 3.5072200801865891e-04 0.0011690988963105656 0.0015391675305571454   
52 416 0.016693523951783425 2.8003184125475022 -0.0005589213210539946 1.1750374937587519e-04 0.0014346290576740517 0.0016003825838661733   
53 424 0.017258389944978778 2.7787293587008657 -0.0005589213210539946 -1.8277604641260545e-04 0.0005301858740547635 0.0009810040221797864   
54 432 0.01590398606775255 2.9043811199386704 -0.0006777159909112446 -6.7771599091124462e-04 0.00021869285914369226 0.0011278378921482529   
55 440 0.016086471170215378 2.849958542946123 -0.0006777159909112446 -4.4593590428380556e-06 0.00039652611153349676 0.0006960632870644544   
56 448 0.01585106405422471 2.523994942708762 -0.0008738784291277714 -8.7387842912777143e-04 0.00011301042336890758 0.0010791200244224092   
57 456 0.014758870147486001 2.5208775758146986 -0.0008738784291277714 -1.7343844141981806e-05 0.00043333739778115654 0.0012776285560267089   
58 464 0.014103447163819909 2.7759371641297332 -0.0008738784291277714 -8.2369996997167709e-05 0.0005526488940600623 0.0013163914479914645   
59 472 0.012912266055154544 2.867563235865912 -0.0008738784291277714 -5.6345187379273280e-04 0.0003680719701944416 0.0010571991856163246   
60 480 0.013847897467164685 2.9724620386682568 -0.0008738784291277714 -3.1545504961710114e-04 0.00018491812737901191 0.0005923142061382833   
61 488 0.012153959759981086 3.4620361266653736 -0.0008738784291277714 -3.7262326536590697e-04 4.888117740168164e-05 0.0006650498162391592   
62 496 0.011102923796148774 3.469180062175442 -0.0008738784291277714 -6.6272809616169104e-04 0.0002372585485750216 0.0005828722102700809   
63 504 0.013434086875963288 3.674145742135524 -0.0008738784291277714 -7.8493252614668645e-04 0.00011291296705147645 0.00047925961273199925   
64 512 0.016556014230232268 3.110366888291173 -0.0010489636368163713 -1.0489636368163713e-03 0.0004715629979382605 0.0011768028851957052   
65 520 0.019725849663663635 3.2763997431123757 -0.0010489636368163713 1.1506366123848014e-04 0.0005583017169233718 0.0011364323184937073   
66 528 0.02048869267879817 3.87126853681497 -0.0010489636368163713 2.7651578306674368e-05 0.00025491165771744043 0.0008257779172479028   
67 536 0.01920991836470723 3.4169862314494805 -0.0010489636368163713 -5.1385289761919921e-04 -3.507008269192091e-05 0.0007744049954162026   
68 544 0.018654469490346305 3.5107765709341696 -0.0010489636368163713 1.3006139876306890e-04 0.0004636072064674936 0.0010727019024867627   
69 552 0.016722669889081523 3.024179043277363 -0.0010489636368163713 5.5042652311419879e-05 0.0004804666461505965 0.0010817073957378408   
70 560 0.016672435218541747 3.3899754060101435 -0.0010489636368163713 -2.0905858458062032e-04 0.0003566982091937689 0.001231292014743425   
71 568 0.01501219581156641 3.5378204774819295 -0.0010489636368163713 -7.8450176481320664e-04 0.0006009528953576146 0.0011563028312731125   
72 576 0.016517646221044853 3.3060763441675336 -0.0010489636368163713 -5.7938646461885173e-04 4.137371520079587e-05 0.0015623898048619158   
73 584 0.015944325514687108 2.9296587379301227 -0.0010489636368163713 -5.4120982223445464e-04 0.0004063688631778379 0.0012220198768714608   
74 592 0.014668210879148123 2.9378340418438857 -0.0010489636368163713 -3.0166965175201072e-04 0.00014922595142507144 0.0006393316809014748   
75 600 0.01407439067938546 2.9407674503234356 -0.0010489636368163713 -3.1944169019824833e-04 0.0002064741895325724 0.0009011420858471874   
76 608 0.013771683682475553 2.8627467036554726 -0.0010489636368163713 -4.6942163245177940e-05 0.0003245858636788127 0.0010250463364501624   
77 616 0.012880748747875682 2.817648252601226 -0.0010489636368163713 -4.8753277101661762e-04 0.00017905275818489247 0.0005486039255534331   
78 624 0.012186517270767949 2.9218438901699333 -0.0010489636368163713 -4.9437901289912185e-04 0.0005613342356439399 0.0009956342101963003   
79 632 0.010668736737484275 2.9929089160496423 -0.0010489636368163713 -4.8253435360259399e-05 0.00016126750146106705 0.0011819602075070152   
80 640 0.010945241684781221 2.8640548420450087 -0.0010489636368163713 -3.4671094822785764e-04 -8.362099513578488e-05 0.0011034005799411609   
81 648 0.011970114560873853 2.6053431397139364 -0.0010489636368163713 -4.6518075185436478e-04 0.0005597766419249461 0.0009168350082913571   
82 656 0.013057993234112312 2.518587040235358 -0.0010489636368163713 4.6722127499349367e-05 0.00028390580045890097 0.0009779162570220674   
83 664 0.01395133132037775 2.458352482360064 -0.0010489636368163713 -2.1679203824724255e-04 0.0002883490922767054 0.0008722684488929509   
84 672 0.012287519219529176 2.3415164296613535 -0.0010489636368163713 -5.0072636618413754e-04 0.00045361629869966293 0.0011328474590605038   
85 680 0.011668486298937079 2.5514902045695247 -0.0010489636368163713 -6.0351935942357018e-04 0.0004348452466505123 0.0009576012070809789   
86 688 0.011700552277097534 2.7939822502344596 -0.0010489636368163713 -7.1178708375488125e-04 0.00044741395347750455 0.0010071845550368892   
87 696 0.00994508521129512 2.9153585349231315 -0.0010489636368163713 -4.8424061515136955e-04 0.0002689862743764441 0.0007146616722036863   
88 704 0.01080060847066971 3.1949217594146297 -0.0010489636368163713 -4.8192400772651870e-04 -5.162271570912513e-05 0.0006679498898587591   
89 712 0.010565339739554237 3.5600872675743895 -0.0010489636368163713 -1.0443126586279230e-03 0.00019357440944165356 0.0007249827916235547   
90 720 0.01077414460835241 3.7524561538191863 -0.0010489636368163713 -5.1897607920550401e-04 0.0002301215699603303 0.0010680308703229706   
91 728 0.009465333447085816 4.08978338073335 -0.0010489636368163713 -5.7634812273637637e-04 0.0005758212639545056 0.000988197434218514   
92 736 0.008472846449842864 4.3656544676144255 -0.0010489636368163713 -2.0286485660903205e-04 0.00023349458105338013 0.00035186673104484645   
93 744 0.0073788138718764735 4.441263455097296 -0.0010489636368163713 -4.5431519359734720e-04 0.00029721037050570073 0.0006335557147091504   
94 752 0.008847476674544165 4.284548913122679 -0.0010489636368163713 1.4956283517632293e-04 0.0005248290132506769 0.0010124861548417917   
95 760 0.008272235363345 4.3560619348260925 -0.0010489636368163713 -7.4291779185277915e-04 0.0003369727340548284 0.0010554154006959925   
96 768 0.007064075949686558 4.473266809959186 -0.0010489636368163713 -1.0336065069696315e-04 0.0003076196776765242 0.0006763982952967125   
97 776 0.006825526492613662 4.664039895801199 -0.0010489636368163713 -5.9953953592940638e-04 0.000279109966958693 0.0007920737331559016   
98 784 0.006671204407062117 5.038364539177369 -0.0010489636368163713 -1.2593739878442260e-04 0.0002840360790766761 0.0009410797314375217   
99 792 0.006011037637966549 4.831885047789165 -0.0010489636368163713 2.3174591904122073e-04 0.0005810522927649237 0.0009334919680518094   
100 800 0.005713425834206631 5.44902961879797 -0.0010489636368163713 -6.6345041242042257e-04 8.585400053037743e-05 0.0007441097385088035   
101 808 0.006727287120241931 5.60967874072812 -0.0010489636368163713 1.2073245372978359e-04 0.0005792165433556045 0.0011680473703090091   
102 816 0.007014688622239488 7.573642355429265 -0.0010489636368163713 -2.3570551885145947e-04 0.000560231721517226 0.0012687259722495969   
103 824 0.006625344891523248 8.111074217686344 -0.0010489636368163713 -6.4849703335952743e-04 0.00028901491481001884 0.0007967177955953094   
104 832 0.006724051270636698 7.778715715869196 -0.0010489636368163713 -2.6879116312640284e-04 0.0005709498318891104 0.0011089471922485837   
105 840 0.00744534872011187 6.675130568320236 -0.0010489636368163713 -3.9594599576832942e-04 0.0005087283367756153 0.0011458803687242666   
106 848 0.0065528108633416725 5.76896752142878 -0.0010489636368163713 -3.1450109344598122e-04 0.0005290725030719021 0.0008903717181970568   
107 856 0.005688809157235035 5.566143159284932 -0.0010489636368163713 -3.5177229095450824e-04 0.0006235068801790002 0.001164298486049404   
108 864 0.005436928020632198 5.419250787964236 -0.0010489636368163713 -6.1472295025336791e-04 0.00034173439617586057 0.0007936220636752093   
109 872 0.0050943307818177635 5.575758340929841 -0.0010489636368163713 -7.4423546897463874e-04 0.0003980333043820961 0.0010722728903432954   
110 880 0.005030268040957968 5.517576664425093 -0.0010489636368163713 -3.1016754315925669e-04 0.0006405136946801553 0.0012610137351465893   
111 888 0.005502595836386023 5.517755424785593 -0.0010489636368163713 -3.7977912571265324e-04 0.0006402334607534749 0.0010521269227265668   
112 896 0.00608366007854735 5.6491177715259075 -0.0010489636368163713 6.9350702356350792e-05 0.00032373663436351433 0.0004158199148617461   
113 904 0.0067999626152996165 5.4349844532963 -0.0010489636368163713 -2.9582123497739441e-04 0.0005828141440270965 0.0006944304570330676   
114 912 0.007342834240700514 6.135525587997437 -0.0010489636368163713 -4.5331443136998857e-04 0.0004980326310037445 0.0007137087436039615   
115 920 0.006892693054541526 5.936063557815987 -0.0010489636368163713 -6.3539499251844185e-04 0.000428181482639488 0.000808550641352741   
116 928 0.006831327392189113 6.392534262028948 -0.0010489636368163713 -2.2339444053456301e-04 0.0005146595386590354 0.00107577626068612   
117 936 0.005902539174239144 6.51260312963484 -0.0010489636368163713 -6.9186967343890535e-05 0.0002565008943146692 0.0008787916951071596   
118 944 0.006249682547787653 6.799291078636739 -0.0010489636368163713 -1.0220230095232621e-03 0.0003055313928267157 0.0010372500601169732   
119 952 0.006595888160581652 5.947012774142034 -0.0010489636368163713 -3.9751641830779183e-04 0.0002944855125490236 0.0006205521981707178   
120 960 0.005808785208714034 6.042989597180667 -0.0010489636368163713 -7.3407480408309322e-05 0.0005309685625561917 0.0013447843122339992   
121 968 0.005184594922238491 5.807355221722782 -0.0010489636368163713 1.0586234374957839e-04 0.00047957604122702625 0.0009437664681699457   
122 976 0.0047610872224579165 5.581102724910368 -0.0010489636368163713 -1.3063442051048914e-04 0.0006753469550463787 0.0012236900587790677   
123 984 0.004954178640922219 6.025134271529592 -0.0010489636368163713 -2.4275188415656299e-04 0.0002801972210945669 0.0008676896054003974   
124 992 0.004847691426048726 6.419289991331923 -0.0010489636368163713 -3.2531175648396532e-04 0.0002419709041149063 0.0007372839558810378   
125 1000 0.005491295214568718 6.4434363898232005 -0.0010489636368163713 -3.3187544010134635e-04 0.0003683654320713387 0.0009239390862571736   
126 1008 0.005530073128674588 6.700635924214173 -0.0010489636368163713 -1.4871107592295926e-04 0.00029025601830274335 0.0007340287664839391   
127 1016 0.005520638143527859 6.71499767813852 -0.0010489636368163713 6.5566881009211089e-05 0.0005557945245010412 0.0009840013815039625   
128 1024 0.005499982441017228 6.73659618442482 -0.0010489636368163713 -8.6834434753098853e-04 0.00043980683828284277 0.0015416524799943786   
129 1032 0.0055221617866545916 7.105052813971153 -0.0010489636368163713 -5.5907904847849843e-04 9.048474372035084e-05 0.0014706490561553786   
130 1040 0.0047232122166728585 6.827786002294168 -0.0010489636368163713 9.6273202712278514e-05 0.0005206539036900407 0.001513067424179812   
131 1048 0.004994619603169139 6.960067888948576 -0.0010489636368163713 6.9857331767559164e-05 0.0008813210756818787 0.001197322615775272   
132 1056 0.005171455367324037 7.098340696771945 -0.0010489636368163713 -1.0267347667148929e-04 0.0005027440754097651 0.0015937609877387919   
133 1064 0.005875190214730969 7.212068463122984 -0.0010489636368163713 -2.4014799932773717e-04 0.0006697055633678871 0.0008633263697146909   
134 1072 0.005985187351457706 7.221394697673301 -0.0010489636368163713 -1.8523912939158877e-04 0.00043340840527079537 0.000638192869358406   
135 1080 0.005135827890220231 7.337226583109049 -0.0010489636368163713 -2.6669165619859307e-04 0.0006094581079379494 0.0009762618368076596   
136 1088 0.005140911197665294 7.315860719639271 -0.0010489636368163713 -3.8696876082134062e-04 0.0005738729604975745 0.0008128744355022555   
137 1096 0.004670788338865085 7.2776746331369235 -0.0010489636368163713 -6.5067544146294300e-05 0.0005637675345020686 0.0011159500130750516   
138 1104 0.004426739868324551 6.796292544618863 -0.0010489636368163713 -3.1226398834749338e-04 0.0003327097634029056 0.0005628646136249516   
139 1112 0.004444279610876296 6.754132982907859 -0.0010489636368163713 -3.9319389798386626e-04 0.0003031208549451231 0.0012482954210717033   
140 1120 0.0045392769023576765 7.635451549170783 -0.0010489636368163713 -4.8715850623470478e-04 0.0004244796029472145 0.0007869594439454824   
141 1128 0.004260178516366924 7.693930208278063 -0.0010489636368163713 -3.6271390950792218e-04 0.00024728087133553145 0.0006904573281107571   
142 1136 0.004494783359019894 8.51696792167009 -0.0010489636368163713 -8.0551775905677539e-05 0.00014975847907368664 0.0012665044938379808   
143 1144 0.004156804393018307 8.851046467425435 -0.0010489636368163713 -9.2867504747105390e-05 0.0007670222975029613 0.0013447709935322863   
144 1152 0.00406444762782122 8.360320444473812 -0.0010489636368163713 -2.1280076276239157e-04 0.00011833483674928178 0.0006507826240249922   
145 1160 0.0038759921540198216 8.351760890235596 -0.0010489636368163713 -4.8146843101752075e-04 0.0004867189239105039 0.0009562812618773926   
146 1168 0.003626169341040447 8.02296315351082 -0.0010489636368163713 -1.5697008189939057e-04 0.0007641323031364954 0.0013240592223292863   
147 1176 0.0035843421242689574 7.7020265960049885 -0.0010489636368163713 -3.1065191397383423e-04 0.0004634032859429347 0.0006238104649154109   
148 1184 0.0032975221055424136 7.274008530728751 -0.0010489636368163713 1.8602638390892635e-04 0.0004828247946154226 0.0008465723361484994   
149 1192 0.003529485509426434 7.160020494295232 -0.0010489636368163713 -2.0950612008143577e-04 0.00033224201920141873 0.000783437321625892   
150 1200 0.0036320557760197458 7.415810420408299 -0.0010489636368163713 -1.9664536607623509e-04 0.0009561628833986968 0.0015896845368345122   
151 1208 0.003995565672385659 7.628757117018455 -0.0010489636368163713 2.3898248313218909e-04 0.000431588599522201 0.001707060957955912   
152 1216 0.0039522909051752505 7.345253458574603 -0.0010489636368163713 -7.2898136806160969e-04 0.0002973055083352488 0.0011479328069481558   
153 1224 0.003982754251879096 7.903753238444067 -0.0010489636368163713 -3.9126316085454549e-04 0.000316960481464929 0.000837362296426433   
154 1232 0.003700500364589766 7.870981268280813 -0.0010489636368163713 -2.5727396007378341e-04 0.0005124917560522362 0.0013991705452179393   
155 1240 0.0035841570279276477 7.172291122685365 -0.0010489636368163713 -2.9128926389407198e-04 0.0001054118687363198 0.0005173875591062973   
156 1248 0.003402552814453948 7.3696785370381725 -0.0010489636368163713 -3.9913134927858777e-04 0.00036574984899138106 0.0005463444258924683   
157 1256 0.0031736796269132184 7.549351568414226 -0.0010489636368163713 -6.4562853635798112e-04 0.0004704379738419336 0.0011130322363364028   
158 1264 0.0044244522409156994 7.269069752453849 -0.0010489636368163713 -3.7820195624153744e-04 3.526253861289895e-05 0.001188515656715779   
159 1272 0.00475471731472232 7.4017737688636185 -0.0010489636368163713 -6.8977290890716054e-04 0.00018656565269737567 0.0005761457683998794   
160 1280 0.004743984703206473 8.254619595157065 -0.0010489636368163713 -4.7718763592240210e-04 0.0002836330319126418 0.0008321904141975487   
161 1288 0.004470485463376964 7.599876559746133 -0.0010489636368163713 -1.8325639017122819e-04 0.00016441159201761906 0.0008605385235746529   
162 1296 0.00425400921790754 7.543993125164777 -0.0010489636368163713 -5.8360769182637373e-04 0.00038413607654356574 0.001144397038144205   
163 1304 0.0036406560348650435 8.10084660336143 -0.0010489636368163713 8.1878135488275158e-05 0.0004023132071274371 0.0011130839700160154   
164 1312 0.004110803031391596 7.661903828183531 -0.0010489636368163713 5.3560892522909226e-06 0.00013478730752865877 0.0013103474661461155   
165 1320 0.0044582203613159075 7.484634387088324 -0.0010489636368163713 -1.8187472299334298e-04 0.0003615752708344116 0.000874103034449913   
166 1328 0.004669820877986914 8.231816277975803 -0.0010489636368163713 -7.6124353208781737e-04 0.0005259699862888872 0.0009325155076282548   
167 1336 0.0057798513470247205 8.545838814458893 -0.0010489636368163713 -3.0107438636198182e-04 0.00044490759742444864 0.0010275846487923788   
168 1344 0.006187923434198595 9.464242650939406 -0.0010489636368163713 -1.5145582527680484e-04 0.00024458319588604717 0.0011205764731704896   
169 1352 0.0073884975504384005 10.524967249210134 -0.0010489636368163713 -1.0768709796674320e-05 0.00038605009898644933 0.0006216623972423578   
170 1360 0.007477276560544459 11.06388989491151 -0.0010489636368163713 -4.3307025602848024e-04 0.00021015244857507833 0.001500016096549886   
171 1368 0.006243820390719147 10.699846761366793 -0.0010489636368163713 -1.7213313114005968e-04 0.00039647409371411954 0.0012136290668404103   
172 1376 0.006166066946622412 11.020839231890832 -0.0010489636368163713 -4.0386180138330736e-04 0.00040140594912288876 0.0013289051857556487   
173 1384 0.006904959861003394 11.509650181472768 -0.0010489636368163713 1.4236809167895797e-04 0.0004100444983381632 0.0011552179327100696   
174 1392 0.007291382000675437 10.157128741348894 -0.0010489636368163713 -5.5703012466758899e-04 0.0005312443805289064 0.001413819137778253   
175 1400 0.0069122165991275745 9.703197464743905 -0.0010489636368163713 5.2328349669825109e-05 0.0003936717524947011 0.0011514864010389587   
176 1408 0.006258707599208516 10.856151865190062 -0.0010489636368163713 -3.7852104264583515e-04 0.000777905052773969 0.0012933532900088636   
177 1416 0.006820344557584912 9.899404391526948 -0.0010489636368163713 -5.3144737439068208e-04 0.00047323297750876217 0.001105749474842451   
178 1424 0.0068491732894382365 8.956158468144496 -0.0010489636368163713 -2.9954669981720390e-04 -6.372507073417822e-05 0.0009197094053761072   
179 1432 0.006518141845874014 8.782701344623295 -0.0010489636368163713 -1.7746595264071352e-04 0.000150393039198747 0.0005810325315632331   
180 1440 0.005919008494972598 9.296225465961891 -0.0010489636368163713 -7.1419348378144471e-04 0.00018655147762915316 0.0009463619025496866   
181 1448 0.005502563783844644 9.238349435836382 -0.0010489636368163713 -4.0903390552485795e-04 0.00026686069734031977 0.0004693869900688778   
182 1456 0.004889113215328213 9.051777504550328 -0.0010489636368163713 -1.9666858232214596e-04 3.2435307111057e-05 0.0008424185694254627   
183 1464 0.004544375580991974 9.133430487506931 -0.0010489636368163713 -5.9799686580717189e-04 0.0001765788666002931 0.0006035300756865795   
184 1472 0.004951911495074152 9.461811407153276 -0.0010489636368163713 -9.5829818232317696e-04 0.0002753657644938485 0.0008763913298206285   
185 1480 0.0058666916860641355 10.035175136856616 -0.0010489636368163713 -2.0469911095737634e-04 0.00041337542458196524 0.0011466059139703891   
186 1488 0.005828677530647272 10.436904295842881 -0.0010489636368163713 -4.2591419990804135e-04 0.0004388749254318234 0.0007575046351289327   
187 1496 0.0060087470977882775 10.981570683623255 -0.0010489636368163713 -6.8867623493360734e-04 3.287523665401824e-05 0.0007741361668702474   
188 1504 0.005971520832601138 10.808211003630337 -0.0010489636368163713 1.0685516926239389e-04 0.0007323999751588949 0.0009501656667749295   
189 1512 0.0061130068399838445 10.730674766758757 -0.0010489636368163713 -6.1597603311728242e-04 0.0005967191623292718 0.001109086348579467   
190 1520 0.006472992431857877 11.066983500555391 -0.0010489636368163713 -8.0057986977747600e-05 0.0006014047440077012 0.0009238609072455641   
191 1528 0.007065077492060418 11.91987059455467 -0.0010489636368163713 -8.5385823435389109e-04 -1.5453286477331457e-06 0.0006532138558565902   
192 1536 0.006706877000653304 14.065086668474056 -0.0011279607092151975 -1.1279607092151975e-03 0.00044927878307530545 0.001314463065950788   
193 1544 0.006579696068884423 14.262547019729283 -0.0011279607092151975 2.5504274279612358e-04 0.0004179722780807282 0.0011316547653013153   
194 1552 0.006263224270990333 13.42861917043026 -0.0011279607092151975 -3.8323756799768743e-04 0.00017653214364564296 0.0005026975495824566   
195 1560 0.007052947783495889 13.172998706322954 -0.0011279607092151975 -2.8192669021280330e-04 0.0004118600069580937 0.0005062450748897288   
196 1568 0.007525769765302203 12.577913781571615 -0.0011279607092151975 -2.6025823127646551e-05 0.0003576311608276434 0.0004646088152591883   
197 1576 0.007200012114508667 12.464518611430302 -0.0011279607092151975 -5.0545546858219706e-04 0.0006069995342052933 0.0010694650944692964   
198 1584 0.0066125320416910134 12.492339774084549 -0.0011279607092151975 -3.5372665770853256e-04 0.00041530963583438893 0.0005804058262358276   
199 1592 0.005922206627785062 12.974967411680725 -0.0011279607092151975 -4.3214662643334661e-04 0.0005706576865958106 0.000723986009172966   
200 1600 0.00568127277413031 12.746174403967082 -0.0011279607092151975 -1.1371128137818628e-04 0.0004900784059097142 0.00112412377531654   
201 1608 0.006886476878312444 12.355372986494855 -0.0011279607092151975 -6.9150516445615369e-04 0.0006774580556789208 0.0012399434555669586   
202 1616 0.007565661703725458 12.28273157909909 -0.0011279607092151975 -6.0793525754282841e-04 0.0004965126980063297 0.0006626380770430431   
203 1624 0.007571001285970134 10.467642584368589 -0.0011279607092151975 -7.0753902388994252e-04 0.0006246106925184378 0.001209152068141404   
204 1632 0.008827464431291485 10.290676772841767 -0.0011279607092151975 -7.6081822767790986e-04 0.000584702291464009 0.001245032842951173   
205 1640 0.00948168770979871 12.141347200079146 -0.0011279607092151975 -4.6425691753647103e-04 0.0001274688937270405 0.00032652689814618855   
206 1648 0.0104252388681805 12.63213237285048 -0.0011279607092151975 -7.7224755484704287e-04 0.00048362693278903283 0.0008005077587916647   
207 1656 0.01099041543464471 14.328205729268104 -0.0011279607092151975 -8.2837713746864545e-04 0.0001491747610565885 0.0007892622076888066   
208 1664 0.009301086048402721 14.205172284496353 -0.0011279607092151975 -3.3617920109643354e-04 1.907342159582334e-05 0.0008036992084704761   
209 1672 0.008819216544232811 13.327731203937029 -0.0011279607092151975 -1.8838226291543520e-04 8.758350655285567e-05 0.0006710163742443634   
210 1680 0.008168910470837561 13.715538410806836 -0.0011279607092151975 -3.6441018821923009e-04 0.0002103965151847672 0.00047047819668422195   
211 1688 0.009431206353192521 14.129645924007642 -0.0011279607092151975 -1.9640542865289722e-04 0.0004481739037627573 0.0013270208017075748   
212 1696 0.011668356654093026 14.583567205630624 -0.0011279607092151975 -6.9862322888813793e-04 6.0573254438804245e-05 0.0007889264021579284   
213 1704 0.011748853010814627 15.44627311305837 -0.0011279607092151975 -8.2461698221247175e-04 7.793697741509024e-05 0.0008173173708225041   
214 1712 0.011697341768876199 14.485228092698476 -0.0011279607092151975 -8.4930509473433113e-04 0.00024337517674387975 0.0008617259429970594   
215 1720 0.012301754283295128 15.75958475774618 -0.0011279607092151975 -4.1107733841721155e-04 0.00029846049314834243 0.0009221067583422844   
216 1728 0.014112093447740512 19.181272293539894 -0.0011279607092151975 -6.3731114657878112e-04 0.0005730158388853329 0.0008226099072730494   
217 1736 0.013299672836299986 19.458604377542308 -0.0011279607092151975 -7.1590652690548809e-04 0.00020891909807869752 0.0007856574589963593   
218 1744 0.015506779703528796 18.43191305669727 -0.0011279607092151975 -3.7909762559217952e-05 0.0004550299059211367 0.000830843837194781   
219 1752 0.01789652915137333 24.698929895082937 -0.0011279607092151975 6.6942909693202071e-05 0.000429752931553679 0.0008127674223973826   
220 1760 0.01928305762345614 28.763533706540766 -0.0011279607092151975 -8.1577821961586463e-05 0.0003471769391801263 0.00039506878660171025   
221 1768 0.021785584204276207 26.131054757956413 -0.0011279607092151975 -3.5680588084270951e-04 0.0005932832703788223 0.0008775705972067792   
222 1776 0.027674930801616086 24.917510846750275 -0.0011279607092151975 -1.5198348302398454e-04 0.0004755775310334358 0.00109660108934445   
223 1784 0.0313238952277631 26.01636200650507 -0.0011279607092151975 -4.6391157433664114e-04 0.0006424724087499466 0.0010549862258873051   
224 1792 0.03655043036221692 25.66228253446051 -0.0011279607092151975 -3.8286007192654941e-04 0.0003437671293776056 0.0008765578732369871   
225 1800 0.039489030944780824 27.090875923649048 -0.0011279607092151975 -1.9536162490410997e-04 0.0003189036578629935 0.0009184326232919812   
226 1808 0.04071641060993512 22.969333874337092 -0.0011279607092151975 -1.5642320147109647e-04 0.0003079911071117215 0.0007806686862972695   
227 1816 0.04344966115342238 21.343114107948047 -0.0011279607092151975 -2.5871198112249912e-04 0.0004833190896369321 0.0012354361136828573   
228 1824 0.04331712835258091 21.445003681140683 -0.0011279607092151975 -3.5826346235573057e-04 0.0004468220646980844 0.0009565354907540508   
229 1832 0.03998901620820329 22.64349788597261 -0.0011279607092151975 -3.1831871779366223e-04 0.0005383834741468194 0.0013571279909862137   
230 1840 0.041230786753422635 24.414931164687395 -0.0011279607092151975 -6.5355728404699028e-04 0.0005224023926936527 0.0013773038672172451   
231 1848 0.03645200385622916 26.419706151789228 -0.0011279607092151975 -3.5209861839551461e-04 -1.49056468508427e-06 0.00043113497317387364   
232 1856 0.042093756163578265 26.76873356334668 -0.0011279607092151975 -1.1286229644941285e-04 0.00036274775049488766 0.0007110681397514412   
233 1864 0.043585636532769804 26.477987995084163 -0.0011279607092151975 -1.1023114982299765e-03 0.000679867680927673 0.0012804056790446184   
234 1872 0.043949407971411156 27.84810951701175 -0.0011279607092151975 -5.2850837740396053e-04 0.00036293013261566245 0.0009310262589326229   
235 1880 0.0471280165812212 26.904434876993186 -0.0011279607092151975 1.6711242791488665e-06 0.0004398424493973362 0.0018450157661793049   
236 1888 0.03956816228487439 26.633346966743147 -0.0011279607092151975 -3.6002193205150214e-04 0.0002894333635807784 0.0010209371117068005   
237 1896 0.03485445638798002 27.066136919996833 -0.0011279607092151975 -3.1807274218618043e-04 0.00012444592022003065 0.00027385658847154114   
238 1904 0.0308451604681981 25.085016239743887 -0.0011279607092151975 2.7726234767961634e-05 0.0003881249618611045 0.0012429412640012   
239 1912 0.026812119634390084 23.800180692029787 -0.0011279607092151975 -3.8810899459356361e-04 8.059963644223089e-05 0.0009567679479242394   
240 1920 0.025383427159241884 24.269404229190105 -0.0011279607092151975 -6.7643777608994979e-04 -0.00014763246652234173 0.000823980139978056   
241 1928 0.023571533294744384 22.80157148732369 -0.0011279607092151975 -2.6713792654342963e-04 0.00016193586002079212 0.0007768247422282131   
242 1936 0.0249719293401924 20.95428509751429 -0.0011279607092151975 -2.2932470006817101e-04 0.0005087035677450955 0.0008398605038610943   
243 1944 0.030430506329503344 20.827484662938105 -0.0011279607092151975 -3.8959008506265206e-04 0.00018638696013190332 0.0005418778078236433   
244 1952 0.030799124518410593 21.202850391758428 -0.0011279607092151975 2.5412065899004313e-04 0.0004220302576581473 0.0010391722548056081   
245 1960 0.031167282001897195 19.272942335721655 -0.0011279607092151975 -4.6403715830706227e-04 1.3631700362618925e-05 0.0007419241911001174   
246 1968 0.03056902621478129 19.599027936139688 -0.0011279607092151975 -7.7072348358145793e-05 0.0005445405306516947 0.0010734632783530962   
247 1976 0.028127646933947814 18.642534309906395 -0.0015312571158300557 -1.5312571158300557e-03 0.0004239522382374238 0.0007458793144704378   
248 1984 0.024696357140754167 19.2576589283212 -0.0015312571158300557 -6.1134106573854791e-04 0.0001903120339516127 0.0012426314362790581   
249 1992 0.022212335037819737 19.91499424895883 -0.0015312571158300557 -4.9484471467875729e-04 0.00023448292338018836 0.001110257488357552   
250 2000 0.02196964343432446 19.995023112206542 -0.0015312571158300557 1.6964254370492636e-04 0.0005290629415243935 0.0013218633409403675   
251 2008 0.021050866503537463 20.69887290010375 -0.0015312571158300557 -2.1676749147747957e-04 0.000795445667212944 0.0011215708091098196   
252 2016 0.01979422141538275 18.93989482436787 -0.0015312571158300557 -4.3939521697188813e-04 0.00030631096554411733 0.0008164353867050353   
253 2024 0.018310597569940114 18.194101529331554 -0.0015312571158300557 -2.2369778166661649e-04 0.00044574887197153614 0.000777609115928017   
254 2032 0.018647456754544666 18.039989573838216 -0.0015312571158300557 -2.1157259958565799e-04 0.00047561850050247684 0.0007879109123429741   
255 2040 0.02088153071890471 19.54315301740805 -0.0015312571158300557 -7.9104225725704211e-04 0.00022570349930891407 0.0006178734847572861   
256 2048 0.02258071977620788 20.40833115601411 -0.0015312571158300557 -3.5022862654706142e-04 0.00016832127901142985 0.0005201774095585064   
257 2056 0.021014375533526773 18.476815067122853 -0.0015312571158300557 -3.8303703890280396e-04 0.0006649343571822628 0.0010752664385068312   
258 2064 0.019287868656832404 17.436403972816954 -0.0015312571158300557 -7.0788770591905447e-04 0.0003741452876758344 0.0008020799238272541   
259 2072 0.01987735450331939 17.04761773958759 -0.0015312571158300557 -2.1204280899683053e-04 0.00015905617891353097 0.0007966586086118907   
260 2080 0.018290013407611872 18.584985739934137 -0.0015312571158300557 -1.1521355862088331e-03 -6.452978299927812e-05 0.0007964063912069906   
261 2088 0.019825198412478973 17.128285375629904 -0.0015312571158300557 -3.4387976619000007e-04 0.0005391669134510156 0.001091958134918172   
262 2096 0.020178829043709986 17.75626402052276 -0.0015312571158300557 -4.4912066592265427e-04 0.00020388873842050085 0.0004924323304168925   
263 2104 0.019424673278911786 18.684495799905 -0.0015312571158300557 -4.8360440658468053e-04 0.00016762438899909274 0.0005897865107678588   
264 2112 0.019620445593715626 18.04026457330074 -0.0015312571158300557 -5.2900315704071106e-04 -6.1177346842754e-05 0.0004898104813045503   
265 2120 0.022353456068196255 17.67149822373666 -0.0015312571158300557 1.0600946956987652e-04 0.0003864501139067901 0.0007009388663991266   
266 2128 0.026624029518945054 17.89215219407224 -0.0015312571158300557 -6.2324798435341199e-04 0.00013821973383267 0.0011084057493028709   
267 2136 0.032511831528031804 18.546654806831626 -0.0015312571158300557 -5.8403722610347647e-05 0.00016335893224219615 0.000696818773200216   
268 2144 0.035132167079663164 20.46902436373908 -0.0015312571158300557 -4.9652911989582461e-04 0.00030379660953057033 0.0009947555130298592   
269 2152 0.03686865049004439 21.10521702739059 -0.0015312571158300557 -6.5534287589409299e-04 0.000264935199125134 0.000592226516484999   
270 2160 0.0414880134312848 21.846112316992958 -0.0015312571158300557 -2.3044982601271464e-04 0.00015596948363649847 0.000655712856568769   
271 2168 0.04434942413993664 26.391393888061003 -0.0015312571158300557 -3.1947094444111324e-04 0.00034921905752579555 0.0011019539865608973   
272 2176 0.04252611540500262 28.981430694528974 -0.0015312571158300557 -5.2670564169230339e-04 0.00022203360205170095 0.0008343788712619718   
273 2184 0.038816596792228854 29.308432037858324 -0.0015312571158300557 -1.6787598641377580e-04 0.0007622268423644234 0.0015723058538209705   
274 2192 0.04206516160594577 33.60688140390176 -0.0015312571158300557 -3.9423905299745083e-04 0.0004390160304512556 0.0007445481975306091   
275 2200 0.04353134816957611 34.79910738553395 -0.0015312571158300557 -6.2420875858459923e-04 3.609758847398736e-05 0.0008653291663342573   
276 2208 0.04595535343001039 33.5293115986613 -0.0015312571158300557 -5.0741542759277986e-05 0.0005167710761817505 0.0009968423894416894   
277 2216 0.04723106616199296 32.42165076337517 -0.0015312571158300557 1.4656987252790793e-05 0.0005644628063195506 0.0008229671305715926   
278 2224 0.05287948616038434 31.835511955577736 -0.0015312571158300557 -6.0094513091351123e-04 0.000495007856553983 0.0009215448052421222   
279 2232 0.0547873885293416 31.937329605650234 -0.0015312571158300557 3.5939168128934409e-05 0.0006134514276986311 0.0011691304130859712   
280 2240 0.0567826038423769 31.89252391249605 -0.0015312571158300557 -9.2951967542418312e-04 0.00030675022442319466 0.0013040078013459087   
281 2248 0.049164529174461055 31.11397201823444 -0.0015312571158300557 -6.5196427553914423e-05 0.0006516961168563509 0.0007845599429407836   
282 2256 0.04447077868829009 32.32915294791805 -0.0015312571158300557 1.8940707075659887e-04 0.0006604077341973387 0.0014214538067896486   
283 2264 0.05523907033168417 31.627903912485476 -0.0015312571158300557 -1.2363673755983389e-04 0.00032983713715225286 0.0011495219445496708   
284 2272 0.05579106817733785 31.19597195839111 -0.0015312571158300557 -6.3796532729923827e-04 0.00039011875661471295 0.0008610054332183677   
285 2280 0.055649528593365305 29.709409707802813 -0.0015312571158300557 -6.6198201616226909e-04 0.0002802661317081156 0.0012459567104306753   
286 2288 0.07066100034141229 29.774698322140825 -0.0015312571158300557 -3.8797710528330070e-04 0.0006531899789569911 0.001107026582940619   
287 2296 0.06798032091644343 31.747346923084244 -0.0015312571158300557 -1.6333254702537506e-04 0.00042021645030963084 0.0010028540126959576   
288 2304 0.06009562935954764 30.819793207046317 -0.0015312571158300557 -5.3015817848397378e-04 0.0002617024212526355 0.0004889262817513182   
289 2312 0.055171228911411914 30.22062144601704 -0.0015312571158300557 -4.6458741543977121e-04 0.00015129502625652763 0.000924029822148837   
290 2320 0.051766621416995263 33.86732169411086 -0.0015312571158300557 -4.1743913261144355e-04 0.000653386547279488 0.0008861769382824432   
291 2328 0.048978263422848264 32.999873909013736 -0.0015312571158300557 2.4438812333171648e-05 0.00036855352657385416 0.0008641761835194669   
292 2336 0.04978591316896048 33.66087454647467 -0.0015312571158300557 -5.0121481242193619e-04 0.0006575841127616566 0.0013973661302547785   
293 2344 0.04892201393762896 32.2772886903802 -0.0015312571158300557 -3.3386208879097358e-04 0.00016902431358719854 0.000830981703370325   
294 2352 0.049709173128641405 29.109569164310113 -0.0015312571158300557 -7.4192651337857084e-04 0.0006536084435553173 0.0010031021476588542   
295 2360 0.055244983497425626 30.026590515244802 -0.0015312571158300557 -9.3360216022687491e-04 0.0005038460214614022 0.0008506622357312734   
296 2368 0.055119061405228084 31.493096354534522 -0.0015312571158300557 -1.1177897446224569e-04 0.0002544478362056732 0.0006297697041089323   
297 2376 0.057201136709343646 33.22743393613942 -0.0015312571158300557 -2.0501302872287725e-04 0.00013873133670168138 0.0006846506486310676   
298 2384 0.050078645985858684 36.2649228385141 -0.0015312571158300557 -3.2650515088093258e-04 0.00040174125567068715 0.0009407803093684518   
299 2392 0.055481113700076974 35.35270852463498 -0.0015312571158300557 -1.2372143425889233e-04 0.0005861302020519475 0.001573800119565171   
300 2400 0.05483114519746218 39.02709748378571 -0.0015312571158300557 -4.1607597051607068e-04 0.0006078032712798865 0.0016510695957472486   
301 2408 0.0501668861497021 39.995414973428474 -0.0015312571158300557 7.1507207910101954e-06 0.0003691074803146231 0.001041641510378722   
302 2416 0.05595523743285808 39.79131105134569 -0.0015312571158300557 -8.0547398010665417e-04 0.00023784330057593744 0.0007360847721999867   
303 2424 0.052783709244713005 40.998144161577564 -0.0015312571158300557 4.4150710766907098e-05 0.0007378517913116792 0.0012410329540086563   
304 2432 0.05591915990262818 36.49671781709006 -0.0015312571158300557 -2.5396709067421587e-04 0.0008451656049148464 0.0016824135377919633   
305 2440 0.062066315309086205 44.43116879129712 -0.0015312571158300557 -5.8819660319307798e-06 0.0009727266572509658 0.0013067144567245074   
306 2448 0.07039370743568123 38.60463611088641 -0.0015312571158300557 2.0866812889750483e-04 0.0004007006545932531 0.001192196851299746   
307 2456 0.07636112701590975 36.38929547087034 -0.0015312571158300557 -3.6175521506549803e-06 0.00048729643410453174 0.0013249372520272213   
308 2464 0.06905806450824892 34.462245178462815 -0.0015312571158300557 -4.5599205708410015e-04 0.0002540895040443249 0.0006793762211373622   
309 2472 0.06057560959444758 34.38284849378531 -0.0015312571158300557 -4.6306624321307244e-05 0.0004900305114223702 0.0008989808121701813   
310 2480 0.06564379272901161 34.39111208559305 -0.0015312571158300557 -5.6555851085000127e-04 9.893046044561805e-05 0.0010339657273765223   
311 2488 0.06894657959191632 37.96855076622426 -0.0015312571158300557 -6.5484086025920031e-04 0.0001741827552666267 0.000885710369992046   
312 2496 0.07120646648145455 41.89982836720046 -0.0015312571158300557 -3.3394492482172476e-04 0.00042181799688401143 0.0015689960017396991   
313 2504 0.06325511820443291 43.88208279301638 -0.0015312571158300557 -8.8186837135637898e-04 0.0006631740489772146 0.0009310329610685052   
314 2512 0.05569869594487741 45.01278793640333 -0.0015312571158300557 -2.7920402091520795e-04 2.2847901190819065e-05 0.0007753219420546598   
315 2520 0.0518176578939663 46.79881873203993 -0.0015312571158300557 -8.6609022290846059e-05 0.0005100163555691068 0.0009315920078071483   
316 2528 0.05355432412837702 50.69450836048021 -0.0015312571158300557 7.3823339952566410e-07 0.00022211896221072098 0.0007868983960340168   
317 2536 0.05416741772522102 55.26739225742285 -0.0015312571158300557 -2.2615397493512115e-04 0.00029313638417535065 0.000984969495720912   
318 2544 0.047462132015071906 57.81174783333854 -0.0015312571158300557 -4.8834216664146008e-04 0.00042866204720752 0.0005059327726939356   
319 2552 0.043135434988196455 55.665901432479316 -0.0015312571158300557 -6.3046627953588456e-04 0.0001224102240185784 0.0006915833304837905   
320 2560 0.05034231544388849 59.76125850437356 -0.0015312571158300557 -6.4906765110565997e-04 -1.3680255474123916e-05 0.00033346283650656765   
321 2568 0.06864065422936454 68.31518101238294 -0.0015312571158300557 -5.9714092663933093e-04 0.0003068910656258352 0.000490989729431546   
322 2576 0.0800905533158458 63.8621728023088 -0.0015312571158300557 -3.7279648082374161e-04 0.0001441997441418097 0.000378204723507704   
323 2584 0.08203983775987064 64.53511084012804 -0.0015312571158300557 -2.1514491466414812e-04 0.0004867895803191023 0.001052939042116203   
324 2592 0.0913937006831785 65.86771359391373 -0.0015312571158300557 -8.2790320438740355e-04 0.00032535759074097314 0.000852906063167321   
325 2600 0.10237634696398147 69.7879948378009 -0.0015312571158300557 -7.3353749582034369e-05 0.0007372286723157189 0.0010547657533699285   
326 2608 0.10211460833862486 76.29457987476042 -0.0015312571158300557 -5.9479491203476666e-04 0.00030799662181550284 0.0009244063709560417   
327 2616 0.08337346742923715 66.5256483023551 -0.0015312571158300557 -2.9214661476361585e-04 0.0003798040090929951 0.0010145889366889066   
328 2624 0.07654757496340721 67.50584824254244 -0.0015312571158300557 -1.0314098277402461e-04 0.00030521477024884506 0.0010702379012410832   
329 2632 0.07203921806812097 59.805291921946484 -0.0015312571158300557 -8.3018904838386945e-04 0.0005625004738225743 0.0013793662902130104   
330 2640 0.07454990427366165 66.58896397969305 -0.0015312571158300557 -8.1330822560019879e-04 -4.198293078570782e-05 0.0006715672145658156   
331 2648 0.0795568162381506 57.79346671680392 -0.0015312571158300557 -4.2891774818742007e-04 0.0002797357258821308 0.0007402156035090444   
332 2656 0.0883347120327616 53.82109150923046 -0.0015312571158300557 -7.2111666057119881e-04 0.00043832708408707326 0.0009471207343670588   
333 2664 0.1019141649763066 52.040901948482514 -0.0015312571158300557 -7.1564011114515593e-05 0.0004512867203628838 0.001260562161483023   
334 2672 0.11441128242332287 56.40575075755237 -0.0015312571158300557 -2.8691548207829585e-04 0.0002876469471104204 0.0005544183877661335   
335 2680 0.11795200853053114 53.82387600888703 -0.0015312571158300557 -1.7055128060085664e-04 0.00036302716143274817 0.000884225537123724   
336 2688 0.10641875600391847 53.679160837874974 -0.0015312571158300557 -5.4181888435691366e-04 0.0007154619430651423 0.0014889423688896485   
337 2696 0.1020967432014568 51.7971246138148 -0.0015312571158300557 -5.1548883280785386e-04 0.0002609188795177241 0.0011793149602409435   
338 2704 0.10570520215440646 48.614693417981925 -0.0015312571158300557 3.1685047534502856e-05 0.00047282526994859333 0.0009659937399300704   
339 2712 0.12819832813514953 45.21887290937947 -0.0015312571158300557 1.7476979768016001e-04 0.0004769995017999509 0.0007561772921911984   
340 2720 0.15453798440650826 45.27012067347599 -0.0015312571158300557 -9.7455853847185807e-05 0.00025054922748703645 0.0004995397669644431   
341 2728 0.178992580059556 43.807435073947524 -0.0015312571158300557 1.1262582176343268e-05 0.000235103133682844 0.0010864307097985465   
342 2736 0.20597806166770075 42.977495840640934 -0.0015312571158300557 -5.6017095857529816e-04 0.0005574514415783124 0.0010215772561456345   
343 2744 0.2322820778140831 38.99236856006206 -0.0015312571158300557 2.6537970394425938e-04 0.0006073986333900892 0.0015997857747358632   
344 2752 0.2534563376214293 39.2733712579509 -0.0015312571158300557 -2.4401389714466656e-04 0.0007783573468085234 0.0008975323827211386   
345 2760 0.24924073990200427 41.45170759421125 -0.0015312571158300557 2.2766930351823496e-04 0.000579297196361211 0.001375350873703332   
346 2768 0.25176941435731987 43.89901888015391 -0.0015312571158300557 -2.7938268343727330e-04 0.00023150379718151262 0.0018364733480646766   
347 2776 0.20433362748707495 42.00485102056163 -0.0015312571158300557 -1.6824383408480136e-04 0.000625522371425329 0.0023032739357254635   
348 2784 0.18812901982568356 42.175021656228374 -0.0015312571158300557 -5.3116675253079052e-04 0.0005467564533197906 0.000917201591140055   
349 2792 0.21846699829971847 38.287900673744396 -0.0015312571158300557 2.1195930856642058e-04 0.0006670543298282311 0.000756863753497734   
350 2800 0.23758877314907964 41.09664616625063 -0.0015312571158300557 -2.0201190904633104e-04 0.0010050208089893591 0.0018201925177810403   
351 2808 0.2340247362724011 41.42640004372163 -0.0015312571158300557 -2.1834842195738905e-04 0.0009435934413444663 0.0018316339461912291   
352 2816 0.23885150039769054 42.23060645905482 -0.0015312571158300557 -8.8600139129064157e-04 0.0007458492987583261 0.0015200914367479012   
353 2824 0.21941744944961186 39.688061044320456 -0.0015312571158300557 -4.0954146978142099e-04 0.00033322398604550236 0.001019590106026029   
354 2832 0.23875335525005878 38.71964598139414 -0.0015312571158300557 -4.3044167017684067e-04 0.000368022080039206 0.0014681593475423097   
355 2840 0.29158882626938265 39.718733009132414 -0.0015312571158300557 6.6224722753798143e-05 0.0008720385535569317 0.001283927454904636   
356 2848 0.28912359233211116 40.96875720903355 -0.0015312571158300557 -8.6910961728839419e-04 9.82226474896896e-05 0.0010905667546611331   
357 2856 0.28131523717901247 44.688737469770764 -0.0015312571158300557 -6.0027621439080726e-04 0.0007049378521772203 0.0009218837981519329   
358 2864 0.2524953890014887 37.0490790128593 -0.0015312571158300557 -4.5939612848054407e-04 0.0006910997309051201 0.0014491692074851184   
359 2872 0.23073113389462357 40.98645686376427 -0.0015312571158300557 -7.0947541147936501e-04 0.00015625754668424126 0.0007005145950751065   
360 2880 0.23433541960863075 40.973847185220734 -0.0015312571158300557 4.1147478128105363e-05 0.00040392634893742836 0.0011940064281726276   
361 2888 0.26830446107993644 39.98110486029964 -0.0015312571158300557 4.9224766750345888e-05 0.0006596580161410914 0.0014269638746337424   
362 2896 0.31773187662472335 37.76984095136858 -0.0015312571158300557 1.7504477917536525e-04 0.000481730060593624 0.000674211082455516   
363 2904 0.28831676651721544 41.46512507996339 -0.0015312571158300557 -9.8396841313691535e-05 0.0006962125076269895 0.0020923714970736283   
364 2912 0.2682969571466572 40.00770559480587 -0.0015312571158300557 1.4763061049802601e-04 0.0006634236221004688 0.0011998997464597553   
365 2920 0.22251855024533534 36.56982171925605 -0.0015312571158300557 -5.1431829897950851e-04 0.0003796475180876683 0.0008845652512162207   
366 2928 0.20038436817754213 37.17009104994499 -0.0015312571158300557 -5.8828206814732554e-04 0.00010963632884585704 0.0008402239487934582   
367 2936 0.23258769350608108 36.250097965841185 -0.0015312571158300557 5.7074400609929510e-05 0.00031281090992096416 0.0012394888874391885   
368 2944 0.21951039282913173 43.04944563253454 -0.0015312571158300557 5.4544485888142807e-04 0.0008467897395041015 0.0012546884350037805   
369 2952 0.20426325176981294 41.342881203207824 -0.0015312571158300557 -1.1321004008143804e-04 0.0003800740050359568 0.001420698469017235   
370 2960 0.20936306791677917 44.54512646772276 -0.0015312571158300557 -3.7914356769312013e-04 0.000473516005987205 0.001064349768273006   
371 2968 0.2015558458732927 49.50224319588317 -0.0015312571158300557 -4.4022578062369934e-04 0.0005198472960731035 0.0013405226605650153   
372 2976 0.2284536251653415 50.36523883392201 -0.0015312571158300557 1.5907327650370784e-04 0.0005696360548999822 0.0013022407787084554   
373 2984 0.24264734777768157 50.73395430694743 -0.0015312571158300557 -9.5172067398200007e-04 0.0001605948017577702 0.0010118125294174144   
374 2992 0.2496108864600908 60.27507046611099 -0.0015312571158300557 -5.2010255832724364e-04 0.0005353707794600216 0.0010311388539375225   
375 3000 0.24412447338435417 57.69213263123993 -0.0015312571158300557 -4.8913610782880127e-04 3.105585334987901e-05 0.000606647286892349   
376 3008 0.22691139513816724 54.485296384911514 -0.0015312571158300557 -5.2050617259585038e-04 0.00036836615972377193 0.0006901311721391236   
377 3016 0.20600453460043078 55.63594355087152 -0.0015312571158300557 -2.7455935582027809e-04 0.00033265404640082604 0.0010177105931874761   
378 3024 0.20006650590768352 51.271915068641746 -0.0015312571158300557 -1.2242924922679303e-03 0.0001667398354740683 0.0010231849209005185   
379 3032 0.22058965888826226 54.355725315438924 -0.0015312571158300557 -7.4166881868520818e-04 0.0005561274466408621 0.0014936140186812092   
380 3040 0.2556182914524126 52.345973322211464 -0.0015312571158300557 -5.8259329221055812e-06 0.0002557855908250283 0.0005823947330071519   
381 3048 0.2733378072327295 52.62634160518198 -0.0015312571158300557 -2.5367892165338866e-04 0.00027030649983100433 0.000471671568659555   
382 3056 0.31351896529421835 55.14781836337752 -0.0015312571158300557 -6.2188017039855199e-05 0.00022763931148725712 0.000925162711079611   
383 3064 0.2838081099072417 48.90476940349906 -0.0015312571158300557 -3.3084606356498204e-04 5.9560331991153866e-05 0.0007347117990388814   
384 3072 0.2710949895156374 47.28116632732303 -0.0015312571158300557 -4.1733334257179004e-04 0.0004817080255624154 0.001050410389319216   
385 3080 0.2655905033566682 46.67144439186347 -0.0015312571158300557 -4.7787057105095926e-04 0.00010968235522373161 0.0004714854052410191   
386 3088 0.2655182843591183 46.62010698792192 -0.0015312571158300557 -4.3992143679042259e-04 0.00025337149637311856 0.0005730998654972714   
387 3096 0.27630314040243464 44.6794768883521 -0.0015312571158300557 -6.2893301057320456e-04 -0.00026631089058891974 0.0011751675596618355   
388 3104 0.271673177857438 43.669645803455914 -0.0015312571158300557 -2.8094062523277368e-04 0.0009241712077461166 0.0013611333876437442   
389 3112 0.2762783590001165 42.03070007900734 -0.0015312571158300557 -3.0779302864029575e-04 0.0004351537633753059 0.0006249992765799215   
390 3120 0.2474516705988328 48.36513749125988 -0.0015312571158300557 -4.0191180414070701e-04 0.0001965050264679632 0.0014879686046194091   
391 3128 0.23421629626239743 46.51010373035526 -0.0015312571158300557 -3.8617004970268362e-04 0.00019995012701229625 0.0013568194639379432   
392 3136 0.2389280980797861 46.30968650083352 -0.0015312571158300557 -7.2669121244988994e-04 0.00014565473860826233 0.0008358763415023085   
393 3144 0.23613731279144481 39.7189737926203 -0.0015312571158300557 -4.0624629479239674e-04 0.00018529119984167416 0.000745138087072643   
394 3152 0.21207972398676891 41.231689134601325 -0.0015312571158300557 -7.8516988967146535e-04 0.0004458720193924884 0.0007533822611168823   
395 3160 0.19845529682287635 40.24533529448375 -0.0015312571158300557 -3.6925619270631422e-04 -0.00014237459161926596 0.0006114093144476705   
396 3168 0.18046357651340122 39.35264846188587 -0.0015312571158300557 -4.1770648376957984e-04 0.00046721529176185094 0.0007477281944368568   
397 3176 0.1713677860430884 46.049578140376084 -0.0015312571158300557 -3.5707706418515879e-04 0.00030322784823410154 0.0007453377737264087   
398 3184 0.17963619699649044 47.341407372865376 -0.0015312571158300557 -6.1586166531089382e-04 -0.00013965589364159373 0.0006905968861998975   
399 3192 0.20679382594968815 41.888210805767024 -0.0015312571158300557 -6.9827270950697541e-04 1.542397767606545e-05 0.0006444806072857616   
400 3200 0.1901745842022709 40.0214142376878 -0.0015312571158300557 -6.1758815042795359e-04 0.000515714967373086 0.001015351520385691   
401 3208 0.18280178257960794 36.56226016182005 -0.0015312571158300557 -7.7896194523686111e-04 0.0002920390422265673 0.0008319645165831245   
402 3216 0.16962813477585373 39.695530818920915 -0.0015312571158300557 -5.6798619759367030e-04 0.00012184673822024275 0.0006031942352374449   
403 3224 0.15067326002653325 42.7920642007386 -0.0015312571158300557 -3.5183020810046213e-04 0.0001288250744818624 0.0004595335162664311   
404 3232 0.17991813615797514 49.111059837310776 -0.0015312571158300557 -7.8142610693900777e-04 0.00012544013573376737 0.00025781015489823435   
405 3240 0.19253855236138298 49.44351156917294 -0.0015312571158300557 -4.8877384903398392e-04 0.0001807797562382788 0.001360186021100671   
406 3248 0.21905511197983285 49.2865866401708 -0.0015312571158300557 -6.4564140320923333e-04 0.00030179337163494435 0.0007917358715370266   
407 3256 0.23024799715656535 48.65858601200821 -0.0015312571158300557 -2.4077928078797877e-04 0.00039332475428945654 0.0004755486153734767   
408 3264 0.23608525768754976 40.507812207488875 -0.0015312571158300557 -6.8024737143296049e-04 0.0004467442011969729 0.0009173929950901571   
409 3272 0.2674515843430084 38.77969149268808 -0.0015312571158300557 -1.4082700109433529e-04 0.00016128106296459127 0.0005822949955767043   
410 3280 0.269715245875703 40.53697955088575 -0.0015312571158300557 -5.5702454483447575e-04 -0.0002181479077409965 0.0007457424392933044   
411 3288 0.25543856217985983 38.50185417355494 -0.0015312571158300557 -8.6209385277114252e-04 0.00019230499609658748 0.001703161918409552   
412 3296 0.2420508061297453 40.99660583662605 -0.0015312571158300557 -8.5861864780243985e-04 -0.00010533437656623135 0.0012070115023063324   
413 3304 0.2653184003743924 47.30719518338692 -0.0015312571158300557 -5.9160312309795968e-04 0.0003052387468357604 0.0015163948767286401   
414 3312 0.2350908030483045 39.96644986642201 -0.0015312571158300557 -5.9548058954779200e-04 0.0003394091307035478 0.0006782013708531574   
415 3320 0.21021448588336258 40.08942377701067 -0.0015312571158300557 -2.6655503139079336e-04 0.00036272857589815386 0.0008624957544783552   
416 3328 0.1825989842127569 38.06294197735398 -0.0015312571158300557 -8.2680730268002291e-04 5.027737795639563e-05 0.000791700433951838   
417 3336 0.16668567337044046 39.22781159705578 -0.0015312571158300557 -8.5788288409192122e-04 0.0003031444660306612 0.0008413058133158786   
418 3344 0.16101880294275722 41.30293179815615 -0.0015312571158300557 -4.7754717093631072e-04 0.0005492309537876022 0.001010603435574393   
419 3352 0.14585089888528452 43.30910583687097 -0.0015312571158300557 -3.2433352680811758e-04 0.00011476919236621874 0.0004941855515368412   
420 3360 0.118986010439913 40.380584544183186 -0.0015312571158300557 -4.3121293589857440e-04 0.0002705141859631917 0.0009704382892456157   
421 3368 0.1207805585896549 39.639725171683814 -0.0015312571158300557 -8.0815959510315439e-04 0.0001569481441177318 0.0005249949443485074   
422 3376 0.10283798318524709 38.77809058172914 -0.0015312571158300557 -7.5844809864564038e-04 -0.0001091754709666514 0.0005039498065981148   
423 3384 0.09167339960365731 36.36100334549835 -0.0015312571158300557 -2.7037886379837521e-04 0.0005123554265437785 0.0010356937507586537   
424 3392 0.0909508448523415 34.81182355376151 -0.0015312571158300557 -7.8459637059602829e-04 0.0001701277230826095 0.0005196847618143243   
425 3400 0.08748918993526968 37.38125655741152 -0.0015312571158300557 -3.8435176423026361e-04 0.00015870945523403153 0.0005795645443366455   
426 3408 0.08657765810003648 39.428918225425384 -0.0015312571158300557 -5.1638594410867466e-04 0.00027500989039972476 0.0006683525131423499   
427 3416 0.08842244166734127 40.83786723267869 -0.0015312571158300557 -9.5224963968340722e-04 -0.00012572921678088446 0.0009212073481183219   
428 3424 0.07778845027490482 43.5540097359405 -0.0015312571158300557 -5.2099947747591142e-04 -2.169562314793225e-05 0.0006918886009150611   
429 3432 0.08220456002787892 44.32844710950747 -0.0015312571158300557 -3.7717269305593962e-04 0.00013200770300451418 0.0002539454377228367   
430 3440 0.09401816497630887 48.866669531353295 -0.0015312571158300557 -7.9918792477748617e-04 0.00018940458764172782 0.00035031733476945657   
431 3448 0.08719257060643959 53.35043681166455 -0.0015312571158300557 -5.7229991143982765e-04 -1.924017365191144e-06 0.0005072286112421714   
432 3456 0.07589201578677197 53.04054627765362 -0.0015312571158300557 -1.0430708278306561e-03 5.866282268661612e-05 0.0005086977674828677   
433 3464 0.07681649455743113 49.489771953475795 -0.0015312571158300557 -5.3298440987358745e-04 0.0004887225043438928 0.0010817689135220437   
434 3472 0.07259030566784459 49.46362749180609 -0.0015312571158300557 -3.5736971715402129e-04 0.00013445707530827732 0.0004245466798761383   
435 3480 0.0646142814319982 48.12664396870552 -0.0015312571158300557 -4.3556541309407198e-04 -0.0001006683985484493 0.00037715473523694694   
436 3488 0.0739352854800663 46.47707173004742 -0.0015312571158300557 -1.9329237049558646e-04 0.000365513196910769 0.0006751515360726154   
437 3496 0.06634885429559985 54.88515183257643 -0.0015312571158300557 -1.1098963007012260e-04 0.0001686194173198334 0.000861406183854228   
438 3504 0.05767439844772274 56.309118007387625 -0.0015312571158300557 -1.2387123333920658e-03 0.000462948451362435 0.0009698825544449223   
439 3512 0.05079025813320401 57.41359321265765 -0.0018483577039285625 -1.8483577039285625e-03 -8.345857926122978e-05 0.0008287825280811293   
440 3520 0.04972257616936498 57.17495192437401 -0.0018483577039285625 1.2451978389585832e-04 0.000259881713515096 0.0004852702824280933   
441 3528 0.049885883247440456 56.8002870697198 -0.0018483577039285625 -2.6293071637376313e-04 0.00026647702073613616 0.0006060299758111587   
442 3536 0.046317961961314484 62.14969031079856 -0.0018483577039285625 -2.9305630036009962e-04 0.0002029812635590661 0.00038918869338220273   
443 3544 0.042266154382792326 68.37747013531066 -0.0018483577039285625 -2.7723341218938884e-04 -2.191623534811819e-05 0.0013225875235349529   
444 3552 0.04326974586396347 70.19971863459604 -0.0018483577039285625 -9.1795939758564972e-04 9.682312202366663e-05 0.0006783148003630875   
445 3560 0.048662458689263534 68.94838109187995 -0.0018483577039285625 -4.8211516575094642e-04 4.403728506315129e-05 0.0004549681177869721   
446 3568 0.05932966100704665 73.3706649383523 -0.0018483577039285625 -5.5862148150228350e-04 7.227393485772411e-05 0.0002685938502250615   
447 3576 0.07393109196148881 87.8931967939153 -0.0018483577039285625 -7.1116835666762738e-04 0.0003079679521955848 0.000738557073762765   
448 3584 0.07328259061892582 92.76772780530786 -0.0018483577039285625 -3.9247245791321672e-04 0.00016144760239940244 0.0005630557058868261   
449 3592 0.07620873312824608 91.06648627524791 -0.0018483577039285625 -7.1192984887700616e-04 0.00027587467993560143 0.0009790397804170339   
450 3600 0.09331227025700195 81.21356815811725 -0.0018483577039285625 -7.0175862180355398e-04 0.00022602884472938846 0.0004879328769051579   
451 3608 0.09297600339886852 87.85821526741603 -0.0018483577039285625 -2.1631401449655787e-04 0.0003398934274109964 0.0009948096599047458   
452 3616 0.09426449414325451 86.85065845133691 -0.0018483577039285625 -7.9623307384731458e-04 -7.857996391574383e-05 0.0006854888433552589   
453 3624 0.0912586125199519 93.76829071692028 -0.0018483577039285625 -3.2390580358095984e-04 0.00014360970686178387 0.0007269165375117548   
454 3632 0.0902280343327769 84.14536072843968 -0.0018483577039285625 -3.6381144881678714e-04 -4.236240109214306e-05 0.0004718210244854357   
455 3640 0.07807788794963522 77.52178044175967 -0.0018483577039285625 -3.7258669608506193e-04 0.00027709068932150945 0.000903915253685708   
456 3648 0.08599531862914953 74.52497685508492 -0.0018483577039285625 -2.6153196550064435e-04 0.00041885755617419634 0.0013270281368903583   
457 3656 0.08481967255864654 71.71734070070336 -0.0018483577039285625 -4.6145843637748470e-04 -0.00010947471898080774 0.0005042213486610597   
458 3664 0.07417503418675303 71.50085879390652 -0.0018483577039285625 -4.9196847796811774e-04 0.00014033032721670586 0.00046985510463048487   
459 3672 0.06971503253066842 68.52591657759913 -0.0018483577039285625 -2.8811936079179020e-04 0.00032320448044954533 0.0012377049552961665   
460 3680 0.061310237543912675 63.76449548810414 -0.0018483577039285625 -4.7596431221325601e-04 0.0001791485921579382 0.0005246347907916029   
461 3688 0.058171747965740296 59.88119593956506 -0.0018483577039285625 -5.1505642459592955e-04 0.0001993661098577448 0.0009113876681567643   
462 3696 0.05311712914585115 63.49210186407566 -0.0018483577039285625 -6.4861992483655436e-04 3.2810887998255026e-05 0.0013224785794679103   
463 3704 0.05792204477109973 64.70553740208769 -0.0018483577039285625 -8.0999972333074940e-04 2.858670739226197e-05 0.0005539792971945604   
464 3712 0.05549245275338016 68.58765739945369 -0.0018483577039285625 -4.2259738602441668e-04 0.000368689997228271 0.0006646670607060391   
465 3720 0.0576834830979435 74.05670521322627 -0.0018483577039285625 -9.3359400319352188e-04 0.0004308396994458745 0.0010821399040188099   
466 3728 0.05430591254916855 73.46924136415686 -0.0018483577039285625 -3.8120887721992535e-04 -5.92017374682184e-05 0.0004399020881980898   
467 3736 0.0577436169987962 71.7476588224087 -0.0018483577039285625 -3.7448831282293333e-04 3.992286813944118e-05 0.0004902395350078494   
468 3744 0.06642390183339485 78.14451212608199 -0.0018483577039285625 -5.5209041115661514e-04 0.00028016920917860546 0.0007961625032778298   
469 3752 0.06320376238564084 81.15007646922028 -0.0018483577039285625 -4.7352794938121265e-04 -1.1382634429305932e-05 0.0008587527612762035   
470 3760 0.06043148750955663 80.18986339953219 -0.0018483577039285625 -5.7838202723921447e-04 1.7550062447632114e-05 0.00040542332327107486   
471 3768 0.054239007537158566 73.35691746563947 -0.0018483577039285625 -4.1700215319485939e-04 0.00022077015489657312 0.0008706338384341729   
472 3776 0.0505135468761984 76.57419071379628 -0.0018483577039285625 -6.9908913029777091e-04 -0.00031097329271728583 0.0002320587741106044   
473 3784 0.05180760133979502 90.29994594335422 -0.0018483577039285625 -7.7346732749871252e-04 -0.00028521459006141097 0.00016461133887077655   
474 3792 0.05451791138620785 82.4488676543114 -0.0018483577039285625 -2.9524200547931213e-04 0.0003430779295804143 0.0007837370749368129   
475 3800 0.054518836922253504 76.70485885415845 -0.0018483577039285625 -9.8475210709821157e-04 -9.902967302043717e-05 0.0004177114484631029   
476 3808 0.06355332141232858 79.65669373450537 -0.0018483577039285625 -4.4911427429823373e-04 6.819043012983765e-05 0.0009320071944161361   
477 3816 0.06239798701776814 92.9866077831102 -0.0018483577039285625 -1.9020197896208222e-04 0.00010323427440105214 0.0006531853059269806   
478 3824 0.06047476294827644 96.24674346428074 -0.0018483577039285625 -4.5961011969359249e-04 0.00012406514675777363 0.0007908153812630199   
479 3832 0.0617113984729266 90.7347494869824 -0.0018483577039285625 -4.6579536280277488e-04 0.0004408177654478279 0.0007148686586151045   
480 3840 0.07277843842053096 81.54176811911921 -0.0018483577039285625 -6.8619859633638788e-04 0.0003507888418336413 0.0006110664735963936   
481 3848 0.0802768788035254 86.78500790684573 -0.0018483577039285625 -1.6769809256221558e-04 0.0003419097118675148 0.0007982697485189511   
482 3856 0.06696797680895382 93.13939226166093 -0.0018483577039285625 -7.7185910306182346e-04 0.0001941348974764502 0.0007995548692820651   
483 3864 0.05842816337471535 88.80778711507891 -0.0018483577039285625 -7.0912582554714704e-04 -8.831682360989083e-05 0.0001177177254193764   
484 3872 0.06615226659943216 86.68063129124252 -0.0018483577039285625 -5.5743532890723565e-04 -9.36374527655078e-05 0.00026702596965830054   
485 3880 0.07543711597360242 84.99594803444641 -0.0018483577039285625 -2.1408109985021569e-04 8.44452530290977e-05 0.0003157280535870569   
486 3888 0.06967126102002098 73.86247086220725 -0.0018483577039285625 -5.2048677493098171e-04 2.5818210611780216e-05 0.0009479579735742067   
487 3896 0.07348855525394626 74.8167908551625 -0.0018483577039285625 -8.1687420288654457e-04 0.00022807374249435368 0.0008419587050175266   
488 3904 0.06642870936152175 79.27294730631439 -0.0018483577039285625 -5.0993150162716156e-05 2.7392223350657628e-05 0.0009259670190426402   
489 3912 0.06127110748758904 71.59867190978572 -0.0018483577039285625 -6.4829554277860680e-04 0.00010619292476697729 0.0008074265402039853   
490 3920 0.05939956773041969 72.50344837415594 -0.0018483577039285625 -4.5696541160569911e-04 0.00017882257369438773 0.0008735506068134829   
491 3928 0.05545982617733463 80.95530567269124 -0.0018483577039285625 -3.9861622032245068e-04 0.0003672605140820531 0.0006118002153950317   
492 3936 0.05816556925519882 76.32039058794248 -0.0018483577039285625 -7.7868612572324920e-04 0.0001609463184228455 0.0012155444240534961   
493 3944 0.05745555130158397 68.95591532780395 -0.0018483577039285625 -5.1105288307808712e-04 0.00014007190248210177 0.0007455639951540263   
494 3952 0.05445679374032003 72.67616105794536 -0.0018483577039285625 -7.1964200227526249e-04 -0.0001711735920197739 0.0002337960569183764   
495 3960 0.05260467655639476 70.25144227708304 -0.0018483577039285625 -9.9491643699143261e-04 0.0001410422197163493 0.0005350275819619435   
496 3968 0.05826237235750492 63.01449282206481 -0.0018483577039285625 -6.7574013553218170e-04 0.0002925878532884259 0.0010304823204541863   
497 3976 0.06558634359633642 62.94993541986192 -0.0018483577039285625 -7.6567831386614043e-04 0.00027414071446210675 0.0010497036283030957   
498 3984 0.0747812605817689 59.653304269521136 -0.0018483577039285625 -5.1859416382428122e-04 0.00010599611614901893 0.0006910853712192966   
499 3992 0.08279008216043277 60.928318153981245 -0.0018483577039285625 -9.6834123784539546e-04 -0.00014626135405985377 0.00013319663030137555   
500 4000 0.10021120800275074 62.39053037670481 -0.0018483577039285625 -7.7257801845474338e-04 0.00019886874243347147 0.0004411826576615302   
501 4008 0.10330587805191785 58.63133506605227 -0.0018483577039285625 -1.1681726014675444e-04 0.00030452806859733754 0.0006855093146771164   
502 4016 0.09684420953903754 65.78380942303875 -0.0018483577039285625 -9.0720112869429681e-04 1.651072483184399e-05 0.0010662119217731704   
503 4024 0.08874862112441652 61.47154781941668 -0.0018483577039285625 -5.3531696423330343e-04 0.0001991610931661728 0.00038631217037202973   
504 4032 0.0962621533940897 58.88861547379961 -0.0018483577039285625 -7.1149644179888311e-04 0.00020591331339709498 0.000737608948838979   
505 4040 0.08768701412842102 65.4678151654521 -0.0018483577039285625 -2.1496561937171227e-04 0.00013400422680469244 0.0008075848990217483   
506 4048 0.08406636614975561 67.65780632191277 -0.0018483577039285625 -6.6667842722465277e-04 -4.290569216579146e-06 0.0004773840519603004   
507 4056 0.09946727813592701 64.27536296089035 -0.0018483577039285625 -3.9847682211767291e-04 8.428548684949686e-05 0.0007354382918352651   
508 4064 0.10369503544916 63.94231966105432 -0.0018483577039285625 -1.0439881304522398e-03 0.00020432399471511845 0.0004903771189342438   
509 4072 0.09960113162298055 72.77463766016238 -0.0018483577039285625 -5.4983412120989739e-04 -3.0054447410367714e-05 0.0006211315859867673   
510 4080 0.08982488344531997 68.60565358448606 -0.0018483577039285625 -2.1149028490573875e-04 0.00034381275533002225 0.000794056021546353   
511 4088 0.08711701340604565 66.95699581873254 -0.0018483577039285625 -5.1252367934452971e-04 -0.0001405868032339754 0.0012312510309272688   
512 4096 0.08520995632232942 72.58012250986505 -0.0018483577039285625 -4.3697560286938005e-04 0.00010999327807802601 0.0010172733205757922   
513 4104 0.08163440868421508 80.21994235100324 -0.0018483577039285625 -2.1754077923472038e-04 0.0005565921738181416 0.000762610944291312   
514 4112 0.08335805010273972 83.38286485541109 -0.0018483577039285625 -8.7342943697355717e-04 0.00023726602264598204 0.0008326091262278678   
515 4120 0.1021526811740376 88.61528254664582 -0.0018483577039285625 -3.1765118522738482e-04 0.00017002250443378563 0.0004974795891001107   
516 4128 0.11578287554594821 112.9321060845881 -0.0018483577039285625 -4.6506246419740775e-04 8.885913893302476e-05 0.0007560439324378516   
517 4136 0.09992912965873246 122.8760711086205 -0.0018483577039285625 -4.3685214692215884e-04 2.394330958160502e-05 0.0006956828175055818   
518 4144 0.09228507672999868 123.85539955716642 -0.0018483577039285625 -7.2965576405173991e-04 8.486952152141251e-05 0.0006326270665305456   
519 4152 0.07747958683190356 127.29918964115919 -0.0018483577039285625 -5.0740761895882894e-04 -0.00013745700723026268 0.0010581151017366513   
520 4160 0.06997035486667269 122.99152905593293 -0.0018483577039285625 -6.8209011282021074e-04 -6.82036377304457e-05 0.0004420358123035952   
521 4168 0.07931410927635607 126.59828238279651 -0.0018483577039285625 -5.6113975406889987e-04 0.0002376749543671625 0.0007208346570996241   
522 4176 0.07207505816666158 125.33062954357526 -0.0018483577039285625 -6.0805227330682551e-04 0.0001054001832041461 0.0008371391169879018   
523 4184 0.07160586395246339 119.66950306572346 -0.0018483577039285625 -1.9953862538279340e-04 0.0002651263842609733 0.0008481101454304225   
524 4192 0.07085631884399368 123.14744610651344 -0.0018483577039285625 -6.2586272434563689e-04 0.00019687130320863224 0.0004701723873253741   
525 4200 0.06315865626120246 119.96399605709962 -0.0018483577039285625 -5.8954462279283467e-04 0.0003369885684503382 0.0006255007039078799   
526 4208 0.06780745009454736 118.97490021546876 -0.0018483577039285625 -8.7498210276866300e-04 1.1062813544268719e-05 0.0001730069527692355   
527 4216 0.0639797675580041 134.9508647293862 -0.0018483577039285625 -4.4330891116299917e-04 5.20835035235722e-05 0.0005474446796702955   
528 4224 0.06141858181754082 141.43677504643068 -0.0018483577039285625 -8.0935940724814813e-04 2.2590364014613332e-05 0.0005457580293538756   
529 4232 0.05531955584227797 138.3156561648804 -0.0018483577039285625 -3.3526825701650460e-04 0.0003061107934609927 0.0008437197582383039   
530 4240 0.04908027697792822 133.73883049914284 -0.0018483577039285625 -4.0980517322896531e-04 0.00031372953958349464 0.0009157765262439376   
531 4248 0.04550265984909332 132.44764248024447 -0.0018483577039285625 -2.5107282051267823e-04 0.0001366078525098748 0.0012969416483126646   
532 4256 0.04290054058191731 141.14055605383498 -0.0018483577039285625 -5.0375766549863273e-04 0.00017954394985679383 0.0010124011334463818   
533 4264 0.03883043373752999 142.24983067863604 -0.0018483577039285625 -7.0688031901273507e-04 0.00027802567321162403 0.0005528661309208249   
534 4272 0.04060239214448239 135.04706693159275 -0.0018483577039285625 -6.8968633924880885e-04 3.6368182312044924e-05 0.000678466312555985   
535 4280 0.042085603005296957 117.44740258970636 -0.0018483577039285625 -9.1336141840318039e-04 0.00024307943376567734 0.0004720468746313258   
536 4288 0.03771193409397587 120.06048643320011 -0.0018483577039285625 -6.1472101589484765e-04 0.0002934507420596196 0.0009133824656084616   
537 4296 0.03764175724865286 114.89658642751616 -0.0018483577039285625 -5.3799845879597878e-04 8.27818024899434e-05 0.0006972262820332982   
538 4304 0.03719862245019865 118.7534232195816 -0.0018483577039285625 -1.4167922437319014e-04 0.00034770967638364145 0.0007335107321739852   
539 4312 0.035584426506286786 124.73562153049338 -0.0018483577039285625 -2.2977437436685834e-04 0.0003657300848861632 0.0007287832119048418   
540 4320 0.03839998028208413 128.54381333271132 -0.0018483577039285625 -6.5995925336333108e-04 0.00011336675724484372 0.0006111322463178578   
541 4328 0.033871944459388605 121.57583542758996 -0.0018483577039285625 -4.3953696954074898e-04 0.0004760032394463925 0.0007274161867831283   
542 4336 0.0312722951443098 113.68907076388834 -0.0018483577039285625 -3.5027009265441920e-04 0.00016018011700570358 0.0004087804369997083   
543 4344 0.029240537108657 115.03963999114796 -0.0018483577039285625 -4.1510462972443185e-04 0.0004546551105368757 0.0006482922029131791   
544 4352 0.02681173736414235 118.51905800828159 -0.0018483577039285625 -5.8981697394328448e-04 0.0001647769376109858 0.0010712790527528772   
545 4360 0.028436332338167915 117.01762641521528 -0.0018483577039285625 -3.9303491670417199e-04 0.0002547500427494389 0.0010838994459675304   
546 4368 0.028980648360862105 137.01904247712102 -0.0018483577039285625 -5.5001413400767728e-04 0.0005860516310739979 0.001353461288536779   
547 4376 0.027922544835189446 142.10435753426307 -0.0018483577039285625 -7.7409178449399426e-04 0.00031695166181858425 0.0008249411718470759   
548 4384 0.02580828675078393 143.11055875537483 -0.0018483577039285625 -1.4845335195912132e-04 0.00035741507130106844 0.0006963964750086118   
549 4392 0.02281607300645606 143.94193619746795 -0.0018483577039285625 -3.4967555379621210e-04 0.0005074114228071724 0.0006039238918461797   
550 4400 0.01963493122612926 138.38628067236618 -0.0018483577039285625 5.7951609006943143e-05 0.0003543307368299915 0.00044973302471138735   
551 4408 0.01664929379070042 127.67866811317556 -0.0018483577039285625 -4.2155225750548336e-04 0.00023386340334856902 0.001169564668713898   
552 4416 0.014083291025954247 129.660861093101 -0.0018483577039285625 -4.6197267196602330e-04 6.732019257983447e-05 0.00038314845519975797   
553 4424 0.016478097067989122 127.3259895949136 -0.0018483577039285625 -2.6217282276739813e-04 -0.00017668146072016955 0.0005588290472892703   
554 4432 0.017914100418117983 135.6075478458369 -0.0018483577039285625 -8.3527227916043551e-04 2.4792292113872265e-05 0.00025345111942159135   
555 4440 0.017690462452502897 135.4473459491604 -0.0018483577039285625 -1.8407133966928375e-04 0.00037509342903073087 0.001453290689958422   
556 4448 0.018093946351435332 137.15497288720087 -0.0018483577039285625 -7.5777531229549895e-04 4.991545958728361e-05 0.0005574670698168926   
557 4456 0.020962215047354568 157.96576636520015 -0.0018483577039285625 -4.6254451989997898e-04 0.0002271828019964522 0.0006944011913946212   
558 4464 0.023789908055403236 135.73015677534127 -0.0018483577039285625 -1.2331386919824611e-03 1.3640684602142348e-05 0.0006333955728782095   
559 4472 0.021595650970520613 122.27518480949742 -0.0018483577039285625 -3.1167005677801735e-04 0.00012593356318972034 0.0008160714911089888   
560 4480 0.021076027236111447 122.38532363778323 -0.0018483577039285625 1.1638164209906577e-05 0.00021090874126645462 0.0010583261997656958   
561 4488 0.02350985974726148 126.6771275562866 -0.0018483577039285625 -1.0881758394852629e-04 0.0003493071435301466 0.000481287041196756   
562 4496 0.021313614629047926 140.87387019931805 -0.0018483577039285625 -1.6835570297186301e-04 0.00030418827240890283 0.0006571873622145969   
563 4504 0.02120516338643799 128.2637050342488 -0.0018483577039285625 -5.8431989474274683e-04 -3.417875073907182e-05 0.0004226240988806512   
564 4512 0.02373124143071424 119.0474170354361 -0.0018483577039285625 -6.0164843163108914e-04 -3.4511915615503184e-05 0.0009751823438182996   
565 4520 0.022801607766948746 114.14767815530156 -0.0018483577039285625 -8.1792706694978662e-04 0.00031415546625619364 0.0009311145342021389   
566 4528 0.023812962064855805 121.01146314969701 -0.0018483577039285625 -7.7351075665558675e-04 -6.822449592961717e-05 0.001218211101431829   
567 4536 0.02456971693594859 144.67603993726735 -0.0018483577039285625 -5.7199977958816714e-04 0.00023501135503882592 0.0006372523696866251   
568 4544 0.020170514070310237 158.82865729230898 -0.0018483577039285625 -6.3473162903183501e-04 0.00032896977593038703 0.0006706173040891804   
569 4552 0.01996897694987274 167.00638690840182 -0.0018483577039285625 -5.1857612938129515e-04 -1.594461308533049e-05 0.001309947467079273   
570 4560 0.01780308765298625 183.0342022253492 -0.0018483577039285625 -8.5168984942250237e-04 0.0002749780452742656 0.0004643906133054036   
571 4568 0.018557805561947336 199.8045272470644 -0.0018483577039285625 -3.2398468531995756e-04 5.462103358832176e-05 0.001045034064166791   
572 4576 0.017936081839411845 210.67209107815845 -0.0018483577039285625 -3.7639141744271408e-04 0.00018628949081349113 0.0006520313244249408   
573 4584 0.017320425832451622 196.89255325841782 -0.0018483577039285625 -5.1495568254221263e-04 -0.00011540349166618713 0.0009941804788318022   
574 4592 0.014428811469337116 204.62603587473632 -0.0018483577039285625 -4.9661678934207983e-04 0.0003226883643328236 0.0005373581843448113   
575 4600 0.012942459157639925 202.8589711710354 -0.0018483577039285625 -1.4630128477412344e-04 0.00012139357724562083 0.0008932988133655514   
576 4608 0.012231612325348737 214.22188803786196 -0.0018483577039285625 -4.1120529682529296e-04 0.00027677767683356063 0.000499729728632757   
577 4616 0.011347875560935734 210.72808915533693 -0.0018483577039285625 -5.5573681439983688e-04 0.00012759640085454756 0.0006712947235790873   
578 4624 0.01394273160118033 193.25331787936423 -0.0018483577039285625 -4.8139829592990077e-04 0.0002906518399877977 0.0012502135732396853   
579 4632 0.01592055952784285 258.7232596511433 -0.0018483577039285625 -6.1834183806522974e-04 0.0003761079967889429 0.0004464805286013431   
580 4640 0.01720317038605944 283.3162123662425 -0.0018483577039285625 -3.4564673551826101e-04 -3.0266785028853214e-05 0.0002317946420209206   
581 4648 0.017076982687944043 304.98055046191917 -0.0018483577039285625 -6.1458621427805328e-04 -0.0001561040162842056 0.0009281012505585254   
582 4656 0.01712401062434222 321.4182130931379 -0.0018483577039285625 -8.0768359048480386e-04 -1.0011671307374418e-05 0.0006219214006369426   
583 4664 0.01743013092166306 322.85065015096774 -0.0018483577039285625 -5.9533698502866814e-04 0.00015505945311802648 0.000797276925561639   
584 4672 0.019185122910143383 318.95566275999806 -0.0018483577039285625 -6.6388320073507948e-04 0.000346260025867219 0.000911471877851142   
585 4680 0.020676687867234048 308.065620441197 -0.0018483577039285625 -7.9545963457436743e-04 3.59307396706845e-07 0.0005013610303888326   
586 4688 0.023471583096218024 296.8324436863225 -0.0018483577039285625 -1.1799069305060016e-03 -0.00017891846791620402 0.0005116265704415119   
587 4696 0.019386087973615993 370.9108088285175 -0.0018483577039285625 -1.1659284639679195e-03 -3.927217971947452e-05 0.00040924118712002745   
588 4704 0.01993200980324427 362.5272122323541 -0.0018483577039285625 -5.8326017077485817e-04 0.00021604060842592425 0.0010633871510761673   
589 4712 0.020584688741232766 372.7573661344058 -0.0018483577039285625 -5.7131044380033568e-04 0.00018507419350254507 0.0005783310534966959   
590 4720 0.01851867703360899 359.7669310787426 -0.0018483577039285625 -5.7411867960205647e-04 0.0002633972395418812 0.000740364104469397   
