% # columns="iteration, evaluation, sigma, void, void,  stds==sigma*sqrt(diag(C))", seed=5, Wed Sep  8 14:19:09 2021, <python>{}</python>
1 8 0.4171612884178991 0 0 0.3956530529082385 0.40650508406077257 0.3612582373989531 0.4083404099692598 0.41723679894936644
2 16 0.39129613675314984 0 0 0.35519504892876536 0.3948472922849298 0.29044946514407594 0.33943315673936036 0.3891387830619181
3 24 0.39366266222814594 0 0 0.36847575567102325 0.3907758341581091 0.263599241420309 0.32273634591791384 0.3666765640796793
4 32 0.4919123653594628 0 0 0.43530372185095234 0.530742522052108 0.3235295501802694 0.3934253979003704 0.4160276738325645
5 40 0.521965291013376 0 0 0.4509793285900834 0.5583417032312679 0.36331482189003017 0.4320173118985695 0.424599781814913
6 48 0.4966234314196329 0 0 0.4296717157773319 0.5033385645475745 0.3405850370639457 0.41294599576685576 0.386992512416989
7 56 0.4618872750642555 0 0 0.41078185033512205 0.43476018903042457 0.3027602716029031 0.38854725496136094 0.33508389753430334
8 64 0.4358897618729731 0 0 0.40619572197858306 0.369577699517949 0.2911036093426332 0.34713636704327283 0.30430538409982555
9 72 0.3560751657199978 0 0 0.3117471883207 0.3023679666607207 0.23104399946924997 0.2668976651485181 0.23444791925725464
10 80 0.36850320850199964 0 0 0.3107727545431407 0.32961625031446556 0.23850874349252385 0.25184622822409575 0.2607440578705931
11 88 0.37997408649121195 0 0 0.3133351992196235 0.3296099248721562 0.23367851798767603 0.2543850717533792 0.28892560867630224
12 96 0.3723196748092025 0 0 0.3175116110597015 0.31805870937437025 0.21712275273795786 0.2409977319985975 0.27939776634450364
13 104 0.3351861493133436 0 0 0.2754756923925558 0.26957559873973636 0.19113277198449252 0.20332322220035604 0.258736206485466
14 112 0.29484689484148235 0 0 0.23520037325628187 0.23595461152530295 0.16743141984692478 0.17470127991636453 0.20679650944452943
15 120 0.292009573160243 0 0 0.21943348181039074 0.22949205104148512 0.16264402475894402 0.18258198754025995 0.1967742212153197
16 128 0.28943293192269937 0 0 0.21418469554756076 0.20939231937375188 0.1608478672001902 0.17880985329615465 0.19416308668785343
17 136 0.2623651833431089 0 0 0.1902062869491148 0.19744195429138187 0.1376767046313686 0.16013343738499805 0.1686436023547239
18 144 0.24485409121734292 0 0 0.18110130239719752 0.17258931352095885 0.12566639528715653 0.149663143576176 0.14984038873979566
19 152 0.20963272257763127 0 0 0.15271256491734095 0.14497318235232529 0.10365930201043987 0.12220409391867665 0.11780342532894186
20 160 0.194939118916011 0 0 0.12714203068451826 0.13660579253595062 0.09825424670359514 0.10676524762173144 0.11296073129820396
21 168 0.19120877757874993 0 0 0.116797931553426 0.13072491619822607 0.09034247463389036 0.1069059216064493 0.11913802459058576
22 176 0.20844674215482464 0 0 0.12900130319645162 0.1330869429796748 0.08895805377566486 0.12114211102576775 0.13607541905881962
23 184 0.1946410898193542 0 0 0.11939112231821751 0.12490856193419399 0.07616889293183667 0.11124377752665132 0.12203546977562521
24 192 0.17141728003707435 0 0 0.09899753539710736 0.10486084398128086 0.06782924826705022 0.09399273920587607 0.10102524531097933
25 200 0.13633610099207066 0 0 0.07500603134792831 0.07589486864603623 0.05163174387684262 0.07193175658581918 0.07900360469340435
26 208 0.12578613800949784 0 0 0.067003048060752 0.06886348613492245 0.04808354830521354 0.06239592372255825 0.07293037091306698
27 216 0.10676109921038984 0 0 0.05666849153808574 0.053745176334939894 0.04032608636885547 0.05039505364067367 0.057386809158402115
28 224 0.09166109538958418 0 0 0.04832334918786137 0.04127815628392844 0.03367526073960796 0.04304374913019582 0.05102801274168954
29 232 0.08026183839244729 0 0 0.04059758791514119 0.03411544743596262 0.029106523037877866 0.03702664278743559 0.042956996026982205
30 240 0.07187533274112988 0 0 0.03629159605068458 0.02977052520675252 0.025810577847146635 0.03142811584449373 0.03645742031597656
31 248 0.058208203388858015 0 0 0.028385431397986473 0.023865159090667047 0.02053773610945416 0.024403933055523797 0.02672434834037055
32 256 0.05636289697823455 0 0 0.02590089842475789 0.02269075416412061 0.020981578894506043 0.023151272784009316 0.02615290393208652
33 264 0.054337958513444015 0 0 0.0249795638160225 0.019929422568481344 0.020857979008079886 0.020923065534932693 0.02430405369754269
34 272 0.05084650677103202 0 0 0.022912379594991636 0.018295703810711515 0.019540802115906725 0.01911056727499655 0.02117982685702454
35 280 0.04626829377784369 0 0 0.020373009153227203 0.016113694892071283 0.017780682781796155 0.016451105803571748 0.019647790514835454
36 288 0.041070914858420744 0 0 0.01740520656875068 0.01304505630999988 0.01577364124148122 0.013603941429343241 0.016989012891641845
37 296 0.039991248286071944 0 0 0.015318183154017905 0.01269530505336194 0.01617958332640552 0.01285627476871154 0.016565722276850187
38 304 0.03593837831009335 0 0 0.012215306377424484 0.011318363114750103 0.014563770322071836 0.011895542857974856 0.014684246040935767
39 312 0.033121082787997976 0 0 0.01131233970716887 0.010835568976057879 0.012453433948231299 0.011000686584595498 0.012985661955012042
40 320 0.03152740716807714 0 0 0.010429789676313037 0.010069790682928837 0.011357402949480596 0.010101917267641435 0.012362366720946706
41 328 0.028204496017340295 0 0 0.00963280314011587 0.008687081727052863 0.01006898174984743 0.00872478922607664 0.011348884056222431
42 336 0.024394465265671655 0 0 0.0076121957768061944 0.0075973939939997966 0.008181511492204268 0.0074191771111298925 0.009296486573947852
43 344 0.02598681192433883 0 0 0.008328124662423955 0.007721052401707129 0.008720756280181215 0.008411650080171714 0.008501327275235067
44 352 0.023368160323584124 0 0 0.007277283041374327 0.006821588614601459 0.007620139014606184 0.0077393754985362875 0.007397454903223113
45 360 0.021716196455981673 0 0 0.006866183211501746 0.006273821590699044 0.006610599428626064 0.006926664696626107 0.0065166932645733654
46 368 0.022598502545883355 0 0 0.00727435437895553 0.007383381730115955 0.006452952550135066 0.00729796718356157 0.007001674844601837
47 376 0.022911477593638967 0 0 0.007691095474062177 0.0073741734003768 0.006394111719471848 0.007216513622885538 0.007356131222608798
48 384 0.020047632528607005 0 0 0.006708128726493882 0.006509220962355107 0.005304295823737133 0.006087391579972641 0.006257896244954202
49 392 0.019233464408354408 0 0 0.006409422748764403 0.00586193519377456 0.005189426116791679 0.006115179324686446 0.005467413483207477
50 400 0.018141437258774172 0 0 0.005765487034655642 0.00553362435461974 0.004735732415986779 0.0055904030287666365 0.005160343132666539
51 408 0.017506984345753294 0 0 0.005379801618839226 0.005199905393132782 0.004575614910143018 0.005658778836707144 0.005009924716625053
52 416 0.016693523951783425 0 0 0.0048962244660249125 0.004940445084765913 0.00432611817455832 0.005349628068860565 0.00448750972294463
53 424 0.017258389944978778 0 0 0.004554871840024326 0.005355908765581684 0.0042832578347001705 0.006164600752759282 0.00464516448809835
54 432 0.01590398606775255 0 0 0.004283269026656359 0.0043476631476276496 0.003761714099056072 0.005719174559279473 0.0042597076830164105
55 440 0.016086471170215378 0 0 0.004076006329109987 0.0043156241671372456 0.0036855555738365374 0.005730003320669147 0.004142793107797114
56 448 0.01585106405422471 0 0 0.003984531963931187 0.0042693157267473785 0.0035598439699997104 0.0054712041937375845 0.0038950574324267233
57 456 0.014758870147486001 0 0 0.0038447519791669454 0.003909134775443007 0.0032753645623113154 0.004734172466338862 0.0036427334290100224
58 464 0.014103447163819909 0 0 0.0035458185570064185 0.0035021848173017057 0.0032443425857806166 0.004549474084591216 0.0035551254099874317
59 472 0.012912266055154544 0 0 0.0030098098814111407 0.0031642044606704353 0.003053445111993528 0.004236598097071196 0.0032222658025616497
60 480 0.013847897467164685 0 0 0.003820382026511119 0.0032086743305910796 0.0032052929072282485 0.004412597138104466 0.00373310601551231
61 488 0.012153959759981086 0 0 0.003195741976975681 0.0026950400897409986 0.0027970690753468014 0.0036292294752887913 0.0032211881556290065
62 496 0.011102923796148774 0 0 0.0027929211871636525 0.0024497001133743706 0.0024422653612035717 0.0031990260021537787 0.0029703918360042417
63 504 0.013434086875963288 0 0 0.003218342813676091 0.0029869317436822026 0.003365471693177817 0.003675959361671487 0.0035678035507006106
64 512 0.016556014230232268 0 0 0.003724034234507048 0.0034242071893943364 0.004259426425376544 0.004486351760691152 0.004665739578089869
65 520 0.019725849663663635 0 0 0.004196359093100026 0.004129884278107958 0.005628425931232969 0.005588616287787336 0.006223671497268948
66 528 0.02048869267879817 0 0 0.0046669908382644875 0.004519040249820501 0.005242292331880048 0.005824097429333964 0.0057716862566993135
67 536 0.01920991836470723 0 0 0.004177034698090908 0.004078788812202621 0.004813800423512591 0.005425370877499684 0.005289120684450337
68 544 0.018654469490346305 0 0 0.004470453990156081 0.0037772196049018127 0.004510097552991583 0.005245829063595392 0.004187966994956354
69 552 0.016722669889081523 0 0 0.0039780931686477896 0.003312824600825431 0.003945899735372871 0.00473174927611129 0.003697364090880533
70 560 0.016672435218541747 0 0 0.003753420973916638 0.003275705987965221 0.004136492067426211 0.00462179224695761 0.003942303999129941
71 568 0.01501219581156641 0 0 0.0032341910700967942 0.0027349763890174203 0.003683316749076366 0.004054514041981999 0.0032638273831700937
72 576 0.016517646221044853 0 0 0.0034283803078841804 0.0032638950282756246 0.004037299139504431 0.004158509446761644 0.0034812623222314105
73 584 0.015944325514687108 0 0 0.003197674876176915 0.0031224700714831475 0.003780109326750598 0.0039010590506266354 0.0031573240134601644
74 592 0.014668210879148123 0 0 0.003008513224913191 0.002937365550787754 0.003344849535824088 0.003434017146397122 0.0029018503708961095
75 600 0.01407439067938546 0 0 0.0028898763819247965 0.0030676213542600774 0.0031418663244239674 0.0030101005653654003 0.0027312208284164846
76 608 0.013771683682475553 0 0 0.00271162336608185 0.0030205776995232666 0.003225113538164969 0.00285193171672282 0.0024385257487463817
77 616 0.012880748747875682 0 0 0.0027371187099291894 0.002671054117347812 0.0028164659595746296 0.002646629888310489 0.002188863997579865
78 624 0.012186517270767949 0 0 0.002598698125006694 0.002616867142383919 0.002733066544648062 0.0024879826020759808 0.0020940738344861465
79 632 0.010668736737484275 0 0 0.0023304749187165325 0.0022670200895002247 0.002184224482752749 0.002172700840855686 0.0018014731459369473
80 640 0.010945241684781221 0 0 0.002386351039318873 0.0022061131253188976 0.0021807552695833773 0.002170966303563429 0.001818577603896189
81 648 0.011970114560873853 0 0 0.002387084140328772 0.002421238031594611 0.002452735593114 0.002243308349924365 0.002040734208087052
82 656 0.013057993234112312 0 0 0.002516500677266344 0.0025055877385467937 0.0026075868309436727 0.002532365227374776 0.0022424627567603148
83 664 0.01395133132037775 0 0 0.0028006174161650213 0.002755729472541674 0.0026857156060535025 0.0028249817163884853 0.0023164195487875034
84 672 0.012287519219529176 0 0 0.002398993019290203 0.0023646353968402437 0.0024965321044600718 0.0024689746799787145 0.0020246973242701535
85 680 0.011668486298937079 0 0 0.002159391588047295 0.002228799313051891 0.0025587117213348044 0.0023106163363239528 0.0019460926017168068
86 688 0.011700552277097534 0 0 0.002078793199531206 0.0022638807827539725 0.0026024209626417443 0.002268240158593406 0.0017461446254818582
87 696 0.00994508521129512 0 0 0.0016934039473228363 0.001864057461491867 0.0021903179335892907 0.0019488794178589392 0.0014419622223383177
88 704 0.01080060847066971 0 0 0.0018190341752134659 0.0020108029416521923 0.0025416090736865315 0.0023678211781889406 0.0015345014277795006
89 712 0.010565339739554237 0 0 0.0017961499785280992 0.001976581885179239 0.0025275588761206644 0.0023050101920610846 0.0014626730105502187
90 720 0.01077414460835241 0 0 0.001834613127468579 0.002075248193412358 0.002485306506224792 0.002326387312389543 0.0016653081161931958
91 728 0.009465333447085816 0 0 0.001546016253755258 0.0018231795639995052 0.0021483346327638717 0.0019025612100570623 0.0015074229213488017
92 736 0.008472846449842864 0 0 0.0013988143774121367 0.0015247963104798418 0.001845199289276118 0.0016778928258565679 0.0013061752786284527
93 744 0.0073788138718764735 0 0 0.001161179002523548 0.001312664852948511 0.0016121650782664114 0.0013741765453472471 0.0011694910149583136
94 752 0.008847476674544165 0 0 0.0015387852377249035 0.0014681976711988268 0.0018511617258103175 0.001975736539092879 0.0013416588122245536
95 760 0.008272235363345 0 0 0.0014564520575705946 0.0012645357621746056 0.0017356099920931955 0.0019479794349859252 0.0012097400591612316
96 768 0.007064075949686558 0 0 0.001116339330195425 0.0010268945898071855 0.0015656588783287838 0.0016026118290489897 0.0010847815889863173
97 776 0.006825526492613662 0 0 0.0010716752294269863 0.0009127558763261604 0.0014997518149007455 0.0017047613466488047 0.0010088299216901087
98 784 0.006671204407062117 0 0 0.0010013755196173245 0.0008929599226303644 0.0013474964585643036 0.0017119863784290775 0.0009358615781987613
99 792 0.006011037637966549 0 0 0.0009121612855945508 0.0008031101592467039 0.0012207884069920186 0.0015564743445073547 0.0008546656807755534
100 800 0.005713425834206631 0 0 0.0008377686635839758 0.0007789426668554205 0.001074884611817324 0.0016020016612149596 0.0007873828927719151
101 808 0.006727287120241931 0 0 0.0010299475916142368 0.0008316285735800963 0.0014687157620617425 0.002284191605741917 0.0010133785752160793
102 816 0.007014688622239488 0 0 0.0011017079893609481 0.0009394419043325183 0.0014881559145244615 0.0024417255370932987 0.0009720624409904018
103 824 0.006625344891523248 0 0 0.0010484133616831567 0.0008766402475532468 0.0013691080483558447 0.0021907122430905243 0.0009063086244169918
104 832 0.006724051270636698 0 0 0.00098604871969338 0.0008728703460100193 0.0012809040053201385 0.0021632059360333637 0.000875090343823103
105 840 0.00744534872011187 0 0 0.001062433483855624 0.000949495703974439 0.001288302355882782 0.002351646250791437 0.0009031509764242157
106 848 0.0065528108633416725 0 0 0.0009566656801799075 0.0008099489541130779 0.001112644301670206 0.0019087803601058031 0.0007923786784669453
107 856 0.005688809157235035 0 0 0.0007952851382056663 0.0007074494289866078 0.000982631323929399 0.001508727174699394 0.0006886421485019857
108 864 0.005436928020632198 0 0 0.0007548781898542598 0.0007275065113367207 0.0009244036051096981 0.0014436770074909714 0.0006283105832183198
109 872 0.0050943307818177635 0 0 0.0006519385733608358 0.00065467345903632 0.0008585746809328088 0.0012632565668260554 0.0006263127970282252
110 880 0.005030268040957968 0 0 0.0006297984397883953 0.0006562543675015949 0.0008520859405768711 0.001255062425433797 0.0006004138343248018
111 888 0.005502595836386023 0 0 0.0006823465164491482 0.0007813182786361042 0.0009191630518714159 0.001350011412485949 0.0006225484304071257
112 896 0.00608366007854735 0 0 0.0007448534324811272 0.0009144994880728468 0.000967838757960202 0.0014107187702224972 0.0006868499141884798
113 904 0.0067999626152996165 0 0 0.001003254193969721 0.000978012142054249 0.0010792010428232483 0.0016734341042234267 0.0007679403781213853
114 912 0.007342834240700514 0 0 0.0010948925298682305 0.0010753995112525415 0.0011532022705916542 0.0017991554978801945 0.0007870526456350067
115 920 0.006892693054541526 0 0 0.00107399760228351 0.0009510337213802228 0.0011048372212311432 0.0017572115305307119 0.0007183959621860879
116 928 0.006831327392189113 0 0 0.0010547503284086999 0.0009125278897207271 0.0010744676556654934 0.0018068576547596762 0.0006560162477702569
117 936 0.005902539174239144 0 0 0.0008632622260439556 0.0007140834941661373 0.0009576534550397482 0.0015814532985712368 0.0005928746927752999
118 944 0.006249682547787653 0 0 0.0008861051223901865 0.0008572486669467117 0.0010348724246574826 0.0016165037737933563 0.0006022942492076558
119 952 0.006595888160581652 0 0 0.0009473209807766595 0.0009091187642326358 0.0010542716209042268 0.001744637217180088 0.0005971886304825628
120 960 0.005808785208714034 0 0 0.0007247805391090419 0.0007755890812542843 0.0008645775947534915 0.0014796220001189856 0.0005074935056374546
121 968 0.005184594922238491 0 0 0.000625482804049591 0.0007213202643392045 0.0007207619764180386 0.0012654617200249236 0.00043866724957287187
122 976 0.0047610872224579165 0 0 0.000579456308744209 0.0007044732988012798 0.000646657097217669 0.0012037095328807596 0.00040952357536391603
123 984 0.004954178640922219 0 0 0.0005911072122142242 0.0007829534286113547 0.0006791853156593606 0.0012712582772172135 0.0004408865904126793
124 992 0.004847691426048726 0 0 0.0005732926691488241 0.0007773733055449149 0.0006580418170652526 0.0012045786510219778 0.0004268140747986997
125 1000 0.005491295214568718 0 0 0.0007366422236841818 0.0008983244690301764 0.0007876461637064774 0.0014017806666977832 0.0005055959342430665
126 1008 0.005530073128674588 0 0 0.0007400970148122357 0.0008807253021271828 0.0007573752487185623 0.0014182407743146754 0.0004874677011299292
127 1016 0.005520638143527859 0 0 0.0007149757671591364 0.0008870169704972574 0.0007666557483941297 0.0013897161736718224 0.00048603554816902623
128 1024 0.005499982441017228 0 0 0.0007346221336336042 0.0008512623353640331 0.000770335512089191 0.0014020369687561954 0.0004872298123114838
129 1032 0.0055221617866545916 0 0 0.0007217587472650799 0.0008463882813386028 0.0008103056911876765 0.001321472380500021 0.0005097280419432484
130 1040 0.0047232122166728585 0 0 0.0006119492411644913 0.0007210953231575074 0.0006968721309263534 0.0011123702820033292 0.00042295945754521926
131 1048 0.004994619603169139 0 0 0.000652038691262892 0.0007331982701546523 0.0007721163460703549 0.0011695171026349506 0.0004304726847666212
132 1056 0.005171455367324037 0 0 0.0006456242122515045 0.0007816934783074383 0.0007875948864600807 0.0011932018111157055 0.000419595863371315
133 1064 0.005875190214730969 0 0 0.0007061364895772495 0.0009220418671817629 0.0009627085134269939 0.0012923865572406273 0.0004730489248828899
134 1072 0.005985187351457706 0 0 0.0006977065515068054 0.0008916712078131914 0.0009515067506830006 0.0013117583961969224 0.00047722793993141703
135 1080 0.005135827890220231 0 0 0.000580261603167159 0.0007299819642826485 0.0007776627519032654 0.001071191083260131 0.0003945128761154101
136 1088 0.005140911197665294 0 0 0.0005399333749064067 0.0007124829753834646 0.0007695000606756196 0.0010754686638130093 0.00042251470395849526
137 1096 0.004670788338865085 0 0 0.0004927119018905588 0.000594718199092424 0.0006888836265858122 0.0009140979870357939 0.00036090228496710316
138 1104 0.004426739868324551 0 0 0.0004509228874186716 0.0005280442351055831 0.0006857869856389468 0.0007718485050547396 0.0003565407672438493
139 1112 0.004444279610876296 0 0 0.000492901694701596 0.0005235080731128617 0.0006746530768443543 0.0008222893766476495 0.00036557376240071006
140 1120 0.0045392769023576765 0 0 0.0004982661224124709 0.000512153994770056 0.0007332831467701678 0.0008292869998350298 0.0003706157317680291
141 1128 0.004260178516366924 0 0 0.00045593625553253 0.00044758634329363856 0.0006823261136004432 0.0008058614277012216 0.00036463318022116314
142 1136 0.004494783359019894 0 0 0.00045870682880256707 0.00045814132274693537 0.0007409271193997161 0.0008657618315488567 0.00043329537175417496
143 1144 0.004156804393018307 0 0 0.00041225098884824674 0.0004238013571923025 0.0006176073110493388 0.00078332226494826 0.00037844356158015766
144 1152 0.00406444762782122 0 0 0.0004058324478876869 0.00041102170995876535 0.0005610971199898854 0.0007992081149593187 0.0003618561809768116
145 1160 0.0038759921540198216 0 0 0.00038023920313758546 0.0003922123822961704 0.0004953714268812898 0.000759207867916938 0.0003239726909037929
146 1168 0.003626169341040447 0 0 0.0003379737776029854 0.0003565459643512013 0.0004504837244748334 0.0006803526534041907 0.0002969424253529099
147 1176 0.0035843421242689574 0 0 0.00032340258597086697 0.00031526378128243337 0.0004395323804773598 0.0006397074351204495 0.00028606711554256546
148 1184 0.0032975221055424136 0 0 0.0003031362828771103 0.0002894204722865117 0.00037129932219868034 0.0005819950881571246 0.00024291293972650594
149 1192 0.003529485509426434 0 0 0.00033026094427591953 0.0003296509203499183 0.00038093628108672146 0.0006750936406923991 0.000278234467999922
150 1200 0.0036320557760197458 0 0 0.00036725707696626725 0.00034255091007463886 0.0003703800563163733 0.0007349451279409451 0.00028355126003960047
151 1208 0.003995565672385659 0 0 0.0003982836014941675 0.0003799542318897643 0.00039669296272050746 0.0008127589210011483 0.0003170164695312688
152 1216 0.0039522909051752505 0 0 0.0004150105505189599 0.00038667902587174806 0.00039774177307856423 0.0008503690416148159 0.00032244643504259
153 1224 0.003982754251879096 0 0 0.0004052884693764085 0.00038454268094638 0.0004040787253649841 0.0008738596086497698 0.00032864296036043725
154 1232 0.003700500364589766 0 0 0.000352164124637077 0.0003505128322756459 0.0004132944354015029 0.0007543663619875579 0.0003124662186825881
155 1240 0.0035841570279276477 0 0 0.0003354398957724471 0.00034363490325832935 0.000407687731827787 0.000723217782636288 0.00029675429814095733
156 1248 0.003402552814453948 0 0 0.00029658861863791317 0.0003183679616432452 0.0004018260195328099 0.0006651591256845083 0.0002663867971722117
157 1256 0.0031736796269132184 0 0 0.0002769892720994612 0.00027161898448594405 0.00036727363534407937 0.0005976449691565415 0.00024337947787786833
158 1264 0.0044244522409156994 0 0 0.00040226182226938366 0.00037646429517538833 0.0005349745838916644 0.000845504574505972 0.0003301682497029914
159 1272 0.00475471731472232 0 0 0.00043015159892892564 0.0004325627135295431 0.0005653233660157865 0.0009231471330200065 0.00034461269715109635
160 1280 0.004743984703206473 0 0 0.0004408363676648927 0.00048131967701418426 0.0005578344005865734 0.0008767817721868149 0.00032766812780467123
161 1288 0.004470485463376964 0 0 0.0004138910045148218 0.0004677955781641499 0.0005309715739460687 0.000797675012080288 0.0003096686327366884
162 1296 0.00425400921790754 0 0 0.00038571797099501084 0.00044993305108988413 0.0005205376973428766 0.0007655789631324525 0.0002885834049544021
163 1304 0.0036406560348650435 0 0 0.0003050479599033741 0.00035671312774154454 0.0004276441761522488 0.0006213046282258697 0.00024255641686680046
164 1312 0.004110803031391596 0 0 0.000342863762333208 0.0004551271543080353 0.000492495668619742 0.0006957022259003362 0.0002701788424788135
165 1320 0.0044582203613159075 0 0 0.000367554865193428 0.0005261885960009053 0.0005371050620360812 0.0007818295171990869 0.0002615995221638684
166 1328 0.004669820877986914 0 0 0.0003688343832367198 0.0005732552258419382 0.0005792808359595154 0.0008251764345582422 0.0002665776685641545
167 1336 0.0057798513470247205 0 0 0.0005052974942063934 0.0007775432630959824 0.000711905623304264 0.0010527905023041614 0.0003650686770788531
168 1344 0.006187923434198595 0 0 0.0005733918131879846 0.0008653902619835791 0.0007605377280100178 0.001174911032492108 0.00042264333543929185
169 1352 0.0073884975504384005 0 0 0.0007464854303178406 0.0011749707080318816 0.0009063619828096224 0.0014941251320234235 0.0005333204812042267
170 1360 0.007477276560544459 0 0 0.0007423098751999634 0.0011851698256503105 0.0009043776701724097 0.0015084889740602523 0.0005105883696707009
171 1368 0.006243820390719147 0 0 0.0006442155800613481 0.000977982923736838 0.0007117918516552405 0.0012446516384576574 0.0004590786355090491
172 1376 0.006166066946622412 0 0 0.0006003777542865646 0.0009432061619692903 0.0006862149805977472 0.001202403155011482 0.0004427820766207534
173 1384 0.006904959861003394 0 0 0.0006389597210330672 0.0010034925487742822 0.0007445045420720845 0.001217606165192707 0.00048495540038335925
174 1392 0.007291382000675437 0 0 0.0006371311571246284 0.0011222881818826254 0.0007657353556281656 0.001264255198237764 0.0004639110319752071
175 1400 0.0069122165991275745 0 0 0.0005652308853588551 0.0010680933090345983 0.0007226845354121842 0.0011609010377504631 0.00041340772017087337
176 1408 0.006258707599208516 0 0 0.0004724661058005551 0.0008464181063036192 0.0006212946156660089 0.0009935722037232003 0.0003750635402051959
177 1416 0.006820344557584912 0 0 0.0005073937291596259 0.0008866851330939984 0.0007621686370343913 0.0009949150719688272 0.00042423456982302454
178 1424 0.0068491732894382365 0 0 0.000490432557731081 0.0009015075255941834 0.0007893430276694602 0.0009410115377789799 0.0004117651451738182
179 1432 0.006518141845874014 0 0 0.00047937809465176925 0.000850960095985167 0.0007845176104558459 0.0009232055746741967 0.00040987686939530937
180 1440 0.005919008494972598 0 0 0.00040654916590351204 0.0007587276717264053 0.0006893769042226461 0.0007969587024276994 0.0003254014127536261
181 1448 0.005502563783844644 0 0 0.0003663734060209726 0.0006922097203488315 0.0006081989488986441 0.0007139311446379122 0.0002916348375441321
182 1456 0.004889113215328213 0 0 0.0003247557417054596 0.0006081107232026169 0.0005077844646246924 0.000626050462868645 0.00025684808490858267
183 1464 0.004544375580991974 0 0 0.00029923469296947266 0.0005403737319068585 0.0004822907926455231 0.0005861368016952446 0.0002400031257389223
184 1472 0.004951911495074152 0 0 0.0003146020809642124 0.0005772217477138502 0.0005448796507343395 0.0006358067836193532 0.000257788180636994
185 1480 0.0058666916860641355 0 0 0.00035498969643297525 0.0006859544979035302 0.0006716590594986725 0.0007555807948023811 0.0003153834899739926
186 1488 0.005828677530647272 0 0 0.0003612669233175991 0.0006987492452434341 0.0006826943254708278 0.0007681807275457112 0.0003014500024453517
187 1496 0.0060087470977882775 0 0 0.00037157162253512557 0.0007214563287247507 0.0007012361548580615 0.0007683025641569937 0.00030650184754076553
188 1504 0.005971520832601138 0 0 0.00034595351333846947 0.0006638579843272423 0.0006865516336556593 0.0007554896017358002 0.0002939052507660308
189 1512 0.0061130068399838445 0 0 0.0003555018502152045 0.0006570576819666827 0.0006836309138861057 0.0007662016298536235 0.00029073712295509186
190 1520 0.006472992431857877 0 0 0.00040545307628701225 0.0007173700507283796 0.0006767432809310488 0.0008955975920108561 0.00027461786601652466
191 1528 0.007065077492060418 0 0 0.00045494501378639927 0.0008251853913945437 0.0008188802040085838 0.0010456473872197474 0.00032827736684247103
192 1536 0.006706877000653304 0 0 0.00043737299983280314 0.0007860895767972479 0.0007769684239381427 0.0009795886891921747 0.00031417382603091083
193 1544 0.006579696068884423 0 0 0.0003885634281034162 0.0007781889471375782 0.000755914301801482 0.0008795544680761338 0.00030336979235826066
194 1552 0.006263224270990333 0 0 0.00034045114866687766 0.0007268629707103976 0.0007018310489159418 0.0007838976123607491 0.00028007602739918777
195 1560 0.007052947783495889 0 0 0.00037335965205570135 0.0008417336709926804 0.0008130196007992288 0.0008689881791174612 0.0003144387363770087
196 1568 0.007525769765302203 0 0 0.0003749945480988651 0.0008879020243793271 0.0008581657124609373 0.0008735480487647382 0.0003280748304335615
197 1576 0.007200012114508667 0 0 0.0003687761620321943 0.0008098994439498894 0.0008255116860225117 0.0008583059761494121 0.00030919434963344274
198 1584 0.0066125320416910134 0 0 0.00033571028861646734 0.0007510411320031155 0.0007622072001889805 0.00078860944607651 0.0002818729525819389
199 1592 0.005922206627785062 0 0 0.00029218362455536674 0.0006339475571300211 0.0006518300946003737 0.0006719732180889572 0.00024891329617870165
200 1600 0.00568127277413031 0 0 0.0002545187214319487 0.0005724913182856332 0.0006130568608856716 0.0006152546667539283 0.0002269085878350651
201 1608 0.006886476878312444 0 0 0.00036382888303781823 0.0007495074969642977 0.000723044756977643 0.0008061279433236727 0.0002682077296482888
202 1616 0.007565661703725458 0 0 0.000400440466481152 0.0007808716026015428 0.0007519255794377251 0.000880337219429664 0.0002889939004458165
203 1624 0.007571001285970134 0 0 0.00039907669289407973 0.0007409188210890187 0.0007429277305971348 0.0008731156311708443 0.0002918975237595684
204 1632 0.008827464431291485 0 0 0.0005107899271573125 0.0010034995541250882 0.0009042339077405148 0.0011036886763897637 0.00034527410148378396
205 1640 0.00948168770979871 0 0 0.0005655471081840851 0.0011092685091743054 0.0009814714602481866 0.0011648136076138282 0.00038192425965632136
206 1648 0.0104252388681805 0 0 0.000682638509264343 0.0013347466212957468 0.001101762102331913 0.001401953989782606 0.00041950178094639216
207 1656 0.01099041543464471 0 0 0.0006720929101280783 0.0013462985308834903 0.001160153913049833 0.0013788962990274683 0.00047169481212056436
208 1664 0.009301086048402721 0 0 0.0005424577975815508 0.0010911667078037318 0.0009072089036009047 0.0010892966649638117 0.00038871337393594813
209 1672 0.008819216544232811 0 0 0.0005205522598679729 0.0010408025540695261 0.0008121900264728048 0.0010428411074869994 0.00035933363108101734
210 1680 0.008168910470837561 0 0 0.00047741330101164843 0.0009672743696112576 0.0007238643576997201 0.000972552608564657 0.0003146494072705581
211 1688 0.009431206353192521 0 0 0.0005245141419979814 0.0010914333467365314 0.0009593153102954418 0.0010939210038152574 0.000388023877348305
212 1696 0.011668356654093026 0 0 0.0007047043857654541 0.0013138832552400932 0.0013162111158951557 0.0014028813353340482 0.0005175455382771771
213 1704 0.011748853010814627 0 0 0.0006733249963396947 0.0012376214692013526 0.001311446530361535 0.0012753818612069748 0.0005277906153143583
214 1712 0.011697341768876199 0 0 0.0006842779886907061 0.0012515083364207247 0.0013636465556050347 0.0012820481638694868 0.0005407713286953608
215 1720 0.012301754283295128 0 0 0.0006996661578707299 0.0013880454972317944 0.0016062506090639768 0.0012890328327051033 0.0006104708587888801
216 1728 0.014112093447740512 0 0 0.0007824691742622136 0.0015459224627125373 0.0020041857443795063 0.001377229983569366 0.0007778972143249331
217 1736 0.013299672836299986 0 0 0.0007255349497231276 0.0013931405231264729 0.0017558306315794976 0.0012555336071784428 0.0007097371734245213
218 1744 0.015506779703528796 0 0 0.0008459122726825221 0.0016155183588432325 0.002546280785025383 0.0013904655921937207 0.0010745215573684619
219 1752 0.01789652915137333 0 0 0.0009445983990380468 0.0019414185967516467 0.0033057183195725603 0.0015596945686162577 0.0013995650198244671
220 1760 0.01928305762345614 0 0 0.0010033547638798022 0.002101592853922885 0.0033940552262785055 0.0017500093588099113 0.0014182717800800295
221 1768 0.021785584204276207 0 0 0.0012276071580035362 0.002263628748719984 0.003678545547480701 0.0021393523656261936 0.0016044604835896363
222 1776 0.027674930801616086 0 0 0.0017159357060711276 0.002878386413980962 0.004703916993830917 0.0029424938539720814 0.002118165074918484
223 1784 0.0313238952277631 0 0 0.0018742896202643244 0.0029931478481884898 0.0053203736615513265 0.0031824932641295323 0.002413635375144077
224 1792 0.03655043036221692 0 0 0.0021297321296300845 0.0032315949795347202 0.006334197364005387 0.003645346288758381 0.0029378573585855405
225 1800 0.039489030944780824 0 0 0.0022787438869668005 0.003419168888498138 0.0060172646633828595 0.003967900941054859 0.0029005971737579616
226 1808 0.04071641060993512 0 0 0.0024014029432667472 0.003260287438011838 0.005948889507262643 0.004012203506200244 0.002996762346697908
227 1816 0.04344966115342238 0 0 0.0025221369490882476 0.003464757025997808 0.006444448643825304 0.004310401080693943 0.0031795864028283916
228 1824 0.04331712835258091 0 0 0.0024624289797111278 0.0034221803504370456 0.006286160378343546 0.004337410456259558 0.0030851748511535057
229 1832 0.03998901620820329 0 0 0.002507449210715603 0.003026934664869205 0.006020525351561767 0.004360619165647759 0.002987381936378087
230 1840 0.041230786753422635 0 0 0.0028533148418979156 0.0030131483243882105 0.006528891038832219 0.004790454832511386 0.0033297738207740597
231 1848 0.03645200385622916 0 0 0.0022827669560460586 0.0025434899589723324 0.0055586806521096595 0.0038392153903317482 0.0028053148566448876
232 1856 0.042093756163578265 0 0 0.0026960982039050947 0.0026542240719976268 0.006164720425040173 0.004741737585382509 0.0030755469685034382
233 1864 0.043585636532769804 0 0 0.002672463838243591 0.002704575594539319 0.006436372865561039 0.0046277173069604076 0.0032011937825815197
234 1872 0.043949407971411156 0 0 0.002617951905611005 0.002731561658549324 0.006211197304650486 0.004683389081523089 0.003124390130165783
235 1880 0.0471280165812212 0 0 0.0025314460110469486 0.0031569934173001487 0.006528326930802479 0.004984960465874831 0.003304292470107894
236 1888 0.03956816228487439 0 0 0.002099880060575582 0.002639526450521085 0.005240437314119903 0.003970670269494085 0.00266167592609936
237 1896 0.03485445638798002 0 0 0.001736036708837141 0.0022221041114803813 0.004302436715921999 0.0032719431102683186 0.002192859066932769
238 1904 0.0308451604681981 0 0 0.0014166583532619441 0.0018348744382439871 0.003556131963491492 0.002736707821222661 0.0018499021124700537
239 1912 0.026812119634390084 0 0 0.0012148792114965675 0.0016105168463922451 0.0029140059269520315 0.0024100695929230565 0.0015067429335999323
240 1920 0.025383427159241884 0 0 0.0011536791295767115 0.0014610907744731715 0.0026028834561811045 0.002263674254297026 0.0013735510439892612
241 1928 0.023571533294744384 0 0 0.001004616453054422 0.0013722557711815572 0.002368476646620669 0.0019749901051832456 0.0012736257125847156
242 1936 0.0249719293401924 0 0 0.001016444129290964 0.0014761179406666935 0.0024981292051145594 0.0020286674182420257 0.0013125262921898724
243 1944 0.030430506329503344 0 0 0.0012359771758816292 0.0017206163821622761 0.002979999708890277 0.0024845672811402773 0.0015632663035225688
244 1952 0.030799124518410593 0 0 0.0013019971795200035 0.0018066279767138481 0.0027238948433780225 0.002817229289157015 0.0013936436494699214
245 1960 0.031167282001897195 0 0 0.001281699364210246 0.0017987058723135554 0.002780196993950589 0.002704693819436849 0.0014204960786871436
246 1968 0.03056902621478129 0 0 0.0012247988185333004 0.0016537760998890116 0.002597457802126865 0.002636731314898814 0.001346730248794763
247 1976 0.028127646933947814 0 0 0.001109400651254186 0.0013567573224075424 0.00233274643502623 0.002302807524196474 0.0012124809069953882
248 1984 0.024696357140754167 0 0 0.0009618283596338236 0.0010938132183028687 0.0020186653797196444 0.0019439988742065049 0.0010556143408750542
249 1992 0.022212335037819737 0 0 0.0008881635505021317 0.0009938747055247275 0.001809100734982069 0.0018214249293893475 0.0009373919987684628
250 2000 0.02196964343432446 0 0 0.0009074279466350378 0.0009220225685601243 0.0018419598121798715 0.0018238415072247102 0.0009499568631805424
251 2008 0.021050866503537463 0 0 0.0008311932063033317 0.0008327771975908296 0.001647941285741295 0.0016907449385608034 0.0008802465954313143
252 2016 0.01979422141538275 0 0 0.0007689362243612342 0.0008420911493716819 0.001427136971955668 0.0015847529298742217 0.0007443966708475255
253 2024 0.018310597569940114 0 0 0.0007206750828022312 0.0007250233865986075 0.0012180421457651614 0.001496273085830649 0.0006777784070484774
254 2032 0.018647456754544666 0 0 0.0007430296757656594 0.0007142594729277953 0.0012164596181173171 0.0015765528517293352 0.0006691994040251161
255 2040 0.02088153071890471 0 0 0.0007816014384767379 0.0007983111788384734 0.001549752888984783 0.0016327756005796775 0.0008418860824748255
256 2048 0.02258071977620788 0 0 0.0008177410138608315 0.0008274202930601826 0.0016253730652156457 0.0017266443761863024 0.0008637541621381777
257 2056 0.021014375533526773 0 0 0.0006747267874519572 0.0007026773929720399 0.0014939443366832963 0.001400813734183712 0.000787222304433211
258 2064 0.019287868656832404 0 0 0.0006122952207401539 0.0006164145188747445 0.001298088478059177 0.0012580053379876869 0.00066324842739789
259 2072 0.01987735450331939 0 0 0.0006167455840859408 0.0006415297724047524 0.0013498648773944096 0.0012405203846816847 0.0007134680871082381
260 2080 0.018290013407611872 0 0 0.0005423897833000544 0.0005814710252014125 0.0012135550621244465 0.0010884431749725726 0.0006523248214383098
261 2088 0.019825198412478973 0 0 0.0005833571092901171 0.0006377131643670518 0.0014424665955910076 0.0011747547921292594 0.0007338560141418667
262 2096 0.020178829043709986 0 0 0.0005952425666138519 0.0006355581763648322 0.0014454206207544491 0.0012126535615354804 0.0007416936040458941
263 2104 0.019424673278911786 0 0 0.0005552680581110396 0.0006306367740269431 0.0013540999549915497 0.0011413427696017207 0.0006794125097217514
264 2112 0.019620445593715626 0 0 0.0005538830815031528 0.0006530924480993543 0.0013263573320281452 0.0011375548113277533 0.0006665781056450151
265 2120 0.022353456068196255 0 0 0.0006133999691401965 0.0007604865344332402 0.0015090859145838996 0.0013653961147928463 0.0008042799750781754
266 2128 0.026624029518945054 0 0 0.0008003991057261451 0.0008842614912204209 0.0017976014100511957 0.0018631642940959388 0.0009851698984471749
267 2136 0.032511831528031804 0 0 0.000985081517510815 0.0012650856340741567 0.0022751821571994815 0.002424463144232493 0.0012252996831079947
268 2144 0.035132167079663164 0 0 0.0010677065094398903 0.0012991981526419953 0.002462891079932727 0.002624153151425396 0.001321999527205491
269 2152 0.03686865049004439 0 0 0.001110692473232067 0.0012660971577808347 0.002657048871892169 0.0026889373694050527 0.0014761022484528696
270 2160 0.0414880134312848 0 0 0.0012812200040506906 0.0014224490438347628 0.0031258618761256345 0.0029984308651536964 0.0018372436095037254
271 2168 0.04434942413993664 0 0 0.0013828466776310572 0.0014317550144043935 0.0032669250720830864 0.003209821373404328 0.0019449455376420806
272 2176 0.04252611540500262 0 0 0.0012394495242985335 0.0013474783938862585 0.00319987318180977 0.0028906134312447485 0.0019349561965235004
273 2184 0.038816596792228854 0 0 0.0011558599566062768 0.0012316044251883427 0.0028989256733479756 0.0026794156969879293 0.001694599381439211
274 2192 0.04206516160594577 0 0 0.0013608241625343285 0.0014108085120540237 0.0031042606217565197 0.003147913214888005 0.0017771145357872403
275 2200 0.04353134816957611 0 0 0.0013733459939086524 0.0014542221982626427 0.002950715298880806 0.003317910739322206 0.001803501382020767
276 2208 0.04595535343001039 0 0 0.0014543607765174467 0.0015494522154841906 0.003023646839469973 0.003594226522283876 0.0019003162344233039
277 2216 0.04723106616199296 0 0 0.0014572297341012167 0.0014708850646196357 0.003123142952944314 0.0036603041565571527 0.0019547254175576556
278 2224 0.05287948616038434 0 0 0.001699544373503487 0.0015891738831520657 0.003490910132826006 0.004306436229013094 0.002171179108620759
279 2232 0.0547873885293416 0 0 0.001671711127961018 0.0016234653987743178 0.0035421844940579073 0.004172691007417213 0.0021462900252349213
280 2240 0.0567826038423769 0 0 0.0016682159046627406 0.0016420732176071504 0.003714417575639433 0.00413278799891053 0.0022753427631889154
281 2248 0.049164529174461055 0 0 0.0013630114123114332 0.001427999070463098 0.00316779976537511 0.003467596446782288 0.001965090974164077
282 2256 0.04447077868829009 0 0 0.0011829183506781005 0.0012786779730827522 0.0025913486713778373 0.003136450134631849 0.0017275761654350211
283 2264 0.05523907033168417 0 0 0.0014250046418080072 0.0016041135693723105 0.0031702312393107244 0.0038896031661987004 0.002206666676163927
284 2272 0.05579106817733785 0 0 0.0014422362314841356 0.00153766994598475 0.0030112505054481196 0.003909679649673004 0.002120620511232248
285 2280 0.055649528593365305 0 0 0.0014922906761463165 0.0013770615560122366 0.0029874130509943953 0.004043620381313336 0.002101394793569117
286 2288 0.07066100034141229 0 0 0.0019481206695474368 0.0018050465213314778 0.003751533334809245 0.0051859306920438 0.002570160982382774
287 2296 0.06798032091644343 0 0 0.0017933383812402802 0.0016555177958990283 0.0035073137710682697 0.00480853036260215 0.0023895196128137374
288 2304 0.06009562935954764 0 0 0.0015781208028362102 0.001397782067165014 0.0030242356527059337 0.004163760737927871 0.0020996201818210356
289 2312 0.055171228911411914 0 0 0.0014534060592269384 0.0012957504871691078 0.002779024783559114 0.0038097533799514717 0.0018449092367744833
290 2320 0.051766621416995263 0 0 0.0013284141343804954 0.0011585360258030892 0.0026466460458231767 0.0034354065755114755 0.0016928068211652743
291 2328 0.048978263422848264 0 0 0.0011879874418660615 0.0010390078242389366 0.0024665078248149223 0.0030259964247635767 0.001578549550609756
292 2336 0.04978591316896048 0 0 0.0010640492365020311 0.0010557612874791298 0.002507820062653522 0.002713101898244295 0.0016119883618011075
293 2344 0.04892201393762896 0 0 0.0009780740074500267 0.001079108074752198 0.002184522856534862 0.0025805854331149704 0.0014473087379689715
294 2352 0.049709173128641405 0 0 0.0009868299724218694 0.0010625446337691998 0.0022315811481509753 0.0027179949606885028 0.001547651063214023
295 2360 0.055244983497425626 0 0 0.0011018526495369372 0.0011698298715654611 0.0024661417749979133 0.0030350807551486666 0.0016245579382510743
296 2368 0.055119061405228084 0 0 0.0011452936933993069 0.0011631777479806352 0.0023835599940743185 0.0031389005658908242 0.0015680287021393627
297 2376 0.057201136709343646 0 0 0.0013337540840341806 0.0011850045677685888 0.002413239065111946 0.0036238703527621194 0.0014943468247561272
298 2384 0.050078645985858684 0 0 0.001098543125195085 0.0010264865182385164 0.002051689606334296 0.0029231107753860046 0.0012655393591818752
299 2392 0.055481113700076974 0 0 0.001333161754015383 0.0012218295670653706 0.002234959664369569 0.0036840852436240425 0.0013839610027075028
300 2400 0.05483114519746218 0 0 0.001312530768478175 0.0011543736685014037 0.002186123794259801 0.0036213256826109434 0.0013390769857514018
301 2408 0.0501668861497021 0 0 0.0011194457525782364 0.0010172389284069108 0.001973398672841369 0.003229609193688982 0.0012722767592809946
302 2416 0.05595523743285808 0 0 0.00122499428407566 0.0011959482358301216 0.002114138758205845 0.003736014562097331 0.0015250813988708155
303 2424 0.052783709244713005 0 0 0.001026484716587693 0.0010745775622762288 0.001942063553659107 0.0031178352250784904 0.001438648055483945
304 2432 0.05591915990262818 0 0 0.0011287497052868273 0.0011505773622141992 0.002062062513217113 0.003731079810923239 0.0017119184218852273
305 2440 0.062066315309086205 0 0 0.0012230634371713106 0.0012962116909404724 0.002349710079628524 0.0037575738317903234 0.001980836040812888
306 2448 0.07039370743568123 0 0 0.001348105980905811 0.00139867434970243 0.002469105444769548 0.004301010494706747 0.0022710213780949584
307 2456 0.07636112701590975 0 0 0.001387928407476505 0.0018242967807198369 0.002349869516986679 0.004426683915833151 0.002223934646284627
308 2464 0.06905806450824892 0 0 0.0012497604451959293 0.0015889421286749584 0.0021366443552235173 0.0037725443306873894 0.0019881496074589254
309 2472 0.06057560959444758 0 0 0.001095782434775074 0.0014299314628116403 0.0017920681033171226 0.003168174236240986 0.0016499510749942094
310 2480 0.06564379272901161 0 0 0.0012090236822615427 0.0015419241777833847 0.001853926584642315 0.0037545602463595206 0.0016344261077424003
311 2488 0.06894657959191632 0 0 0.001274344925625722 0.0015420151442911859 0.0021656203830544237 0.004038192466428269 0.0019821814631345324
312 2496 0.07120646648145455 0 0 0.0012711466252258575 0.0015439077693286652 0.0021674293837183017 0.004327715533484313 0.002012821482093745
313 2504 0.06325511820443291 0 0 0.0011391360492790492 0.0013841020690649464 0.0018536260175708783 0.0038692073278900497 0.0017773803482735242
314 2512 0.05569869594487741 0 0 0.0009780836573141524 0.001196409104960419 0.0015953281972045943 0.003396942619017941 0.0015490839704634138
315 2520 0.0518176578939663 0 0 0.0008802133162038016 0.0011570046756634073 0.0014236385595898919 0.0031469449119178607 0.0014308474755056894
316 2528 0.05355432412837702 0 0 0.0009356595621829783 0.0012149307835298752 0.001319234945576184 0.003506249348160786 0.0015638700760106075
317 2536 0.05416741772522102 0 0 0.0009516730231222518 0.0012905276738456636 0.0012798797107907156 0.0036273466684107122 0.001569165103002417
318 2544 0.047462132015071906 0 0 0.0007913110522430681 0.0011355558580706747 0.0010764091094957826 0.003053294183224022 0.0013445317105095639
319 2552 0.043135434988196455 0 0 0.0007383431235804128 0.0010116941506959042 0.0009079381082095902 0.0028837027995025515 0.0012395682503718451
320 2560 0.05034231544388849 0 0 0.0009703142124349376 0.0012893211907873169 0.0010619626214966292 0.003986454797810736 0.0016932742659052748
321 2568 0.06864065422936454 0 0 0.001358126379683898 0.001808358500633252 0.0014237583645190489 0.0056051951548556364 0.002318107885509264
322 2576 0.0800905533158458 0 0 0.0016287662877992554 0.0021464828375035733 0.0015955538558894407 0.006618581187642224 0.002658004361292774
323 2584 0.08203983775987064 0 0 0.001729380515744874 0.002185671019952011 0.0016801541327783806 0.006874970017264505 0.002791753156404969
324 2592 0.0913937006831785 0 0 0.0019112900287639111 0.0024980187399754284 0.00200079622090942 0.007433875593195691 0.0031194559713466426
325 2600 0.10237634696398147 0 0 0.0020896659750390535 0.0027760434251034665 0.0022360131627261635 0.008515349025618839 0.0036476360263891453
326 2608 0.10211460833862486 0 0 0.001911594196925605 0.0025739274940794797 0.002248077090922826 0.007614518752518562 0.003433887088509924
327 2616 0.08337346742923715 0 0 0.001501137972384456 0.0020363696707018327 0.0018381953562910153 0.0060230245160640995 0.0027791765061719958
328 2624 0.07654757496340721 0 0 0.0012762832054342896 0.0017203510120686613 0.0017174334176708482 0.005067715037489336 0.002496419808937846
329 2632 0.07203921806812097 0 0 0.0012545704675808542 0.0016243961842485573 0.0016440717054086607 0.004863196166832572 0.002372779910674887
330 2640 0.07454990427366165 0 0 0.0012626607525160602 0.0016148516007193402 0.0017410580964901474 0.004816523492180683 0.002419075242186978
331 2648 0.0795568162381506 0 0 0.0013686992105406226 0.0017941579185970693 0.0017731083944002883 0.0050042241093193555 0.0022715630789610524
332 2656 0.0883347120327616 0 0 0.0014421251382412818 0.002144737736610586 0.00197843358970957 0.0053532960289568755 0.00267910153054497
333 2664 0.1019141649763066 0 0 0.0016793549776154615 0.0024584808028553233 0.0022052299017438375 0.00642634100659394 0.0032737988473330298
334 2672 0.11441128242332287 0 0 0.0018232790404808894 0.0026309884583588443 0.00240585659019589 0.007074362196455697 0.0036413738375820335
335 2680 0.11795200853053114 0 0 0.0018667765636081963 0.0025281722304372305 0.002470125491652596 0.007309818513690277 0.0037587906197503133
336 2688 0.10641875600391847 0 0 0.0016761586918608432 0.002229869222191598 0.0021277045992600216 0.006452742908586936 0.0032090968304001773
337 2696 0.1020967432014568 0 0 0.0015404359132629795 0.0021361158801058108 0.002233828560241001 0.005965210857157573 0.0031497950663306163
338 2704 0.10570520215440646 0 0 0.0015916966943171735 0.0026477915731073242 0.002387124920661693 0.005706171884946205 0.0031025857747216455
339 2712 0.12819832813514953 0 0 0.001890874380397806 0.0033030008945675524 0.002851152093167079 0.007037852985279671 0.003953927133797127
340 2720 0.15453798440650826 0 0 0.0022403321736292107 0.004026285529346263 0.0035296392995592934 0.00853289799209297 0.00476453159920101
341 2728 0.178992580059556 0 0 0.002717659772204724 0.00453408095993853 0.004757730910791024 0.009806053071989413 0.005370175975130451
342 2736 0.20597806166770075 0 0 0.002997761080290446 0.005227949267020223 0.005762291319077388 0.010515303951643308 0.006222517902852084
343 2744 0.2322820778140831 0 0 0.0029756194061267035 0.005798756718630002 0.006235463789687626 0.011263808921248503 0.007370487473275303
344 2752 0.2534563376214293 0 0 0.0034030351762477876 0.0058650749343567505 0.006363815279250887 0.012958667168244451 0.00755806673456634
345 2760 0.24924073990200427 0 0 0.003162303491259279 0.005976471621113853 0.006873920386200578 0.012158428321656587 0.008129127061901617
346 2768 0.25176941435731987 0 0 0.0030665011087835847 0.005365294268087546 0.006811877872596207 0.012052785780577668 0.007946404708431457
347 2776 0.20433362748707495 0 0 0.002416491791757408 0.004228997597138119 0.0052590991175618 0.009488890160780231 0.006131908655746051
348 2784 0.18812901982568356 0 0 0.0021716503579764885 0.003994986739188033 0.004501519692958341 0.008130395344190355 0.005011301836801145
349 2792 0.21846699829971847 0 0 0.0025493169962406037 0.004582478025183465 0.0062055512259479775 0.009142217569145884 0.00653441713098934
350 2800 0.23758877314907964 0 0 0.0026507527652491407 0.0051155706371412354 0.006623031003868609 0.009196966131118284 0.006794924104122976
351 2808 0.2340247362724011 0 0 0.0025090807977813327 0.004655103746290846 0.006143189502992357 0.009200482813599826 0.006686717693524662
352 2816 0.23885150039769054 0 0 0.0025686936735349122 0.00459580819103484 0.006495394858881795 0.008722122359074744 0.006683274463918673
353 2824 0.21941744944961186 0 0 0.0023371619843983575 0.004220539682074081 0.005430183989246214 0.00815808619000132 0.005630955882777439
354 2832 0.23875335525005878 0 0 0.00246556409448541 0.005190209414010228 0.005774230659860432 0.008682541359312453 0.006427677290862414
355 2840 0.29158882626938265 0 0 0.00295964601860295 0.0068869771415306456 0.006256462133522355 0.010630061561293582 0.007684538498729955
356 2848 0.28912359233211116 0 0 0.0028791324208823775 0.0067813845617372024 0.006199034231746478 0.010296863921979546 0.0076966968461007245
357 2856 0.28131523717901247 0 0 0.002770457305378171 0.006464223605915176 0.005592521793199822 0.009310734638071926 0.006579832285273643
358 2864 0.2524953890014887 0 0 0.0025685821017929333 0.005648661880885019 0.004697910977392958 0.00881480043336709 0.005478342972698613
359 2872 0.23073113389462357 0 0 0.0021793546899160202 0.00532754991539714 0.004172449387541109 0.007592034038471871 0.005296043294935718
360 2880 0.23433541960863075 0 0 0.0021524902383678987 0.004964559826470284 0.00408262350527923 0.007777790325483421 0.005072845154134216
361 2888 0.26830446107993644 0 0 0.0027434461437796783 0.005278481149919573 0.005309270566108014 0.008782863341780767 0.005362020379458292
362 2896 0.31773187662472335 0 0 0.003586589710690897 0.007549525648138937 0.0067000507358747135 0.010440959497757364 0.007219356412625693
363 2904 0.28831676651721544 0 0 0.0031136333777904424 0.006409885177487788 0.005903650320651888 0.009271442646667833 0.0062126569996419625
364 2912 0.2682969571466572 0 0 0.0027434204014265646 0.005940906857092412 0.005241205828351787 0.00846362793864288 0.005614772801154646
365 2920 0.22251855024533534 0 0 0.002280164411209033 0.004564218332985771 0.004236162851157498 0.006874437481015325 0.0041323412605709636
366 2928 0.20038436817754213 0 0 0.001981426603603184 0.004114995742769402 0.0034853486917886213 0.006015386199980944 0.0035180364976373515
367 2936 0.23258769350608108 0 0 0.0025727022085442284 0.005643562753434195 0.003929002057122929 0.00783684707101983 0.0041017933150675305
368 2944 0.21951039282913173 0 0 0.0023727073014860487 0.005258056964858261 0.0035832128546365877 0.007138204028505258 0.003681061830275064
369 2952 0.20426325176981294 0 0 0.0022870586776300114 0.004939035343154899 0.0034038993584513395 0.006458947802164299 0.0032130072118436294
370 2960 0.20936306791677917 0 0 0.002437301878349339 0.005343451188605826 0.0033444840252047636 0.007300864596606502 0.0031197003584171753
371 2968 0.2015558458732927 0 0 0.002283189746283608 0.005006680529468065 0.0032955233210718617 0.00699466805485571 0.0029864033122283125
372 2976 0.2284536251653415 0 0 0.002592847793002278 0.005619674845875816 0.004137676737982512 0.007857581958103243 0.0030933092591075638
373 2984 0.24264734777768157 0 0 0.0029203730228092076 0.005860383466651107 0.004873074720107675 0.00862222401804336 0.0033049563481774803
374 2992 0.2496108864600908 0 0 0.002772727832708926 0.005931035906556853 0.005003009813892959 0.008239817069531386 0.0034017526788163474
375 3000 0.24412447338435417 0 0 0.002529490323062345 0.005272147354897571 0.00487737128456656 0.00762576399447843 0.0032991186999302515
376 3008 0.22691139513816724 0 0 0.0022993092136341957 0.004824801893918015 0.004329790988289196 0.006771938537845202 0.0029111556407996715
377 3016 0.20600453460043078 0 0 0.001935195361725222 0.004317621472197925 0.0034483515715242993 0.0058434315045118425 0.002416176994227643
378 3024 0.20006650590768352 0 0 0.0018140643893697992 0.004204266699995048 0.003022805985139077 0.005813403444757703 0.002320612337413779
379 3032 0.22058965888826226 0 0 0.00189743542099648 0.004378154716434808 0.003259411993161247 0.0062947349934546004 0.002454319022803294
380 3040 0.2556182914524126 0 0 0.002119568061491287 0.0050781790423796175 0.0037025135980463517 0.006933619334431536 0.00304878352562362
381 3048 0.2733378072327295 0 0 0.002088156063442304 0.005216027032902424 0.004030376817236976 0.007189043522060461 0.0032614835460512276
382 3056 0.31351896529421835 0 0 0.0022373453074961422 0.00608316131283008 0.004694520990467595 0.007646860810405883 0.003629838713552549
383 3064 0.2838081099072417 0 0 0.0020039594153480156 0.0051211888887320615 0.004221654616581902 0.006555765835128722 0.003261425456920409
384 3072 0.2710949895156374 0 0 0.0019084741415321066 0.005014961386289038 0.0038087671034561735 0.005951218058713213 0.0031393658973527137
385 3080 0.2655905033566682 0 0 0.0017713975890383275 0.0047765748104701975 0.003822835133572952 0.00559007937844205 0.003099127223652331
386 3088 0.2655182843591183 0 0 0.0016941129906793446 0.004725068689349521 0.004090083381772108 0.005414839988553112 0.003054447750224642
387 3096 0.27630314040243464 0 0 0.0016735431810158815 0.00510453694036457 0.004395184996421411 0.005214352983959163 0.003174771276072204
388 3104 0.271673177857438 0 0 0.0016448750405122301 0.0045670479157304865 0.0040843420129180125 0.005092257017164748 0.0030799503891975194
389 3112 0.2762783590001165 0 0 0.001687665230405417 0.0049291245424833265 0.004059159476213218 0.005395388403070659 0.00304928874552379
390 3120 0.2474516705988328 0 0 0.001448825420685997 0.004061467527051511 0.003567111310060962 0.0046915479522815435 0.0026125998091667134
391 3128 0.23421629626239743 0 0 0.0013715011866361525 0.003975852035985966 0.0030088669134578166 0.004588094856334747 0.0022420457059706624
392 3136 0.2389280980797861 0 0 0.0013699909476378423 0.003701962001616994 0.003039958229494616 0.004523170794936519 0.0023117786054380027
393 3144 0.23613731279144481 0 0 0.0013198202239249582 0.0033327148531013882 0.0029974003280705446 0.0046206306023296555 0.00227203493835677
394 3152 0.21207972398676891 0 0 0.0011537484445428986 0.0028071475372643366 0.0025023078606015367 0.004011136798803124 0.002035719452945725
395 3160 0.19845529682287635 0 0 0.0010125610442722657 0.0026218878300038346 0.002248479206727952 0.003734668866983743 0.0019277477773440607
396 3168 0.18046357651340122 0 0 0.0009342461290356944 0.002500541758656092 0.0020490489065709554 0.003493715046417981 0.0017808617183798369
397 3176 0.1713677860430884 0 0 0.0008931398327759681 0.0022161783813515706 0.001860841339927637 0.0032220545981177504 0.0016382763931049036
398 3184 0.17963619699649044 0 0 0.0009614257666712035 0.0023512769043815317 0.0018862181166118038 0.003473757491782811 0.0016503464976146823
399 3192 0.20679382594968815 0 0 0.0011265365067835355 0.0028394428363160995 0.0021430892595053546 0.003880727879472249 0.0019801657504877027
400 3200 0.1901745842022709 0 0 0.0009772212865493954 0.0025953503909943655 0.00190350958788274 0.0032381892576025494 0.0018163662645362439
401 3208 0.18280178257960794 0 0 0.0009530584727872726 0.002583343135929645 0.0019134553249630024 0.0032359195521248756 0.0018243163827013917
402 3216 0.16962813477585373 0 0 0.000901227259305798 0.0024380596845776058 0.001771484067992602 0.0030278848093876986 0.001770711259638544
403 3224 0.15067326002653325 0 0 0.0007626568777272903 0.0021478410333405583 0.0015924037954748887 0.0026520313474320606 0.0016011810035244413
404 3232 0.17991813615797514 0 0 0.0009351967988149589 0.0024760488054355817 0.0018784861524714697 0.003060188177944588 0.0018920279204456061
405 3240 0.19253855236138298 0 0 0.0010528461835393392 0.0026391423755453016 0.0020241633705679407 0.003209508593828944 0.001929744715563017
406 3248 0.21905511197983285 0 0 0.0012417264442694746 0.002747616230535204 0.002312864126100562 0.0035279310343102367 0.0024541369134983104
407 3256 0.23024799715656535 0 0 0.0012479934246963224 0.002643140015788512 0.002486968187667145 0.003451315680454715 0.002587233576873831
408 3264 0.23608525768754976 0 0 0.00136586412903451 0.00265300230773878 0.0026103951694596943 0.003568674164449217 0.0027582586286521056
409 3272 0.2674515843430084 0 0 0.001485536449405137 0.003280323136554509 0.002961684582934546 0.00393959320672831 0.0031476806806151328
410 3280 0.269715245875703 0 0 0.0014801703515190938 0.003285271604765463 0.002765401733486275 0.00391253061987885 0.003035024552625378
411 3288 0.25543856217985983 0 0 0.0013438014336733606 0.002916643274258446 0.0027089145609605395 0.0035257652844001017 0.0029504252975203157
412 3296 0.2420508061297453 0 0 0.0011577768138034397 0.002785758338032872 0.0026641694358348214 0.0032195959560580734 0.0029088724462851224
413 3304 0.2653184003743924 0 0 0.001167878874479131 0.002824050197671436 0.0029358708909691723 0.003121919817924907 0.0031149270767597656
414 3312 0.2350908030483045 0 0 0.001011404118834359 0.002468091273362239 0.0024799613866340916 0.0026172468234290694 0.0027806466791137252
415 3320 0.21021448588336258 0 0 0.0008832391019315052 0.002116195667512343 0.002093732614247915 0.002239625288071407 0.0024173306584237856
416 3328 0.1825989842127569 0 0 0.0007894994955025882 0.0018644133181804957 0.0017954351126787532 0.0018342397018558795 0.0020879240677230257
417 3336 0.16668567337044046 0 0 0.0006510461683765169 0.0017214768776202666 0.0016262688612699238 0.0017610016147381286 0.0019081185003503134
418 3344 0.16101880294275722 0 0 0.0005877363399269338 0.0016144291894763755 0.001630075514953534 0.0015636764911179447 0.0017660916226129387
419 3352 0.14585089888528452 0 0 0.0004951925201900746 0.0014816699283685937 0.0014003834075438342 0.0014202077083635843 0.0015310937348635065
420 3360 0.118986010439913 0 0 0.0003757914670625771 0.0011221740923969836 0.0010941611438737653 0.0011445806108496374 0.001214441782208153
421 3368 0.1207805585896549 0 0 0.00038852324077690286 0.0010866815839421628 0.0011562965615613658 0.0010773140212385038 0.0011952329585079454
422 3376 0.10283798318524709 0 0 0.00031493454617635567 0.0008583693596988501 0.0009561953667934342 0.0009102386799704774 0.0009709637045953054
423 3384 0.09167339960365731 0 0 0.0002661838505533514 0.0007464185590902913 0.0008614325028406299 0.0007634525528273437 0.0008373365217726147
424 3392 0.0909508448523415 0 0 0.00026669715799459683 0.0007434038285374949 0.0008544499381931096 0.0007590133033226034 0.0008105576257844704
425 3400 0.08748918993526968 0 0 0.00025304751415916637 0.0006953945975544323 0.0007858483129443363 0.0007812510668736823 0.0007673140914210152
426 3408 0.08657765810003648 0 0 0.0002374958174514916 0.0006908058584701424 0.0007741438316978817 0.0007920260160143699 0.0007455810811899728
427 3416 0.08842244166734127 0 0 0.00024230246132708275 0.0006829341105990149 0.0007952060072210722 0.0008390252423209004 0.0008123952267046023
428 3424 0.07778845027490482 0 0 0.00020196031641362926 0.0005842083987300161 0.0006979395066691693 0.0007394677234716615 0.0007342333878667523
429 3432 0.08220456002787892 0 0 0.0002161257163297643 0.0006100613907546841 0.0008257548544170757 0.00074867780703705 0.0008093919365648654
430 3440 0.09401816497630887 0 0 0.0002374336792324554 0.0006786595149642698 0.0010411358265161683 0.0008788766668243461 0.0009665229425547048
431 3448 0.08719257060643959 0 0 0.00021420530675978367 0.0006107082849030634 0.0009244234353333275 0.0007981907162594385 0.0008710958257963419
432 3456 0.07589201578677197 0 0 0.0001780607199194678 0.0005075115517895423 0.0007778641159038042 0.0006740059410764251 0.0007234446572124813
433 3464 0.07681649455743113 0 0 0.00017297250255589482 0.0005147039667286927 0.0007744206956483591 0.0006528239711980814 0.0007013440016427667
434 3472 0.07259030566784459 0 0 0.00016148493158111128 0.00047755825200766116 0.0006933427818092845 0.0005929378455751805 0.000615493091030296
435 3480 0.0646142814319982 0 0 0.000128610588688684 0.0004165340310503998 0.0006066462472453201 0.0005041575387519937 0.0005560540198068788
436 3488 0.0739352854800663 0 0 0.00015166666218128532 0.0005313665728038727 0.0006919197562697541 0.0006597083410548464 0.0006484269573619433
437 3496 0.06634885429559985 0 0 0.00013594554922713328 0.000480486595793103 0.0005747903609467016 0.0005989148362882141 0.0005682357636614982
438 3504 0.05767439844772274 0 0 0.0001121184384588535 0.0003985878852673404 0.0004917535208522262 0.0005077465810957382 0.0005018903185048091
439 3512 0.05079025813320401 0 0 9.567447376885059e-05 0.00031988632414362906 0.0004339571451192328 0.00043084272812123216 0.00043726260764713053
440 3520 0.04972257616936498 0 0 9.279250012202537e-05 0.0003068207919488003 0.0004074514546874428 0.00043085121073362537 0.00042297670851382767
441 3528 0.049885883247440456 0 0 9.110673730580592e-05 0.00030598193855750633 0.00043485844398745107 0.00042567712927521413 0.00046517198235747315
442 3536 0.046317961961314484 0 0 8.502449801585222e-05 0.0002675865512450081 0.0004129190271006111 0.0003985249018164521 0.0004442839136086814
443 3544 0.042266154382792326 0 0 7.596545492371454e-05 0.00023950825737163313 0.0003731232793831394 0.00036463981321326245 0.00039844914728033424
444 3552 0.04326974586396347 0 0 6.707811791589761e-05 0.00024204598858344888 0.00037693403182779744 0.0003824166792318855 0.00040830427788720214
445 3560 0.048662458689263534 0 0 6.984646352110074e-05 0.00026369565458534604 0.000453283111351315 0.00044411592180216083 0.000490982020923587
446 3568 0.05932966100704665 0 0 8.280389757893606e-05 0.0003332733338000671 0.0006610208890483457 0.0006064962982614817 0.0007180397310359074
447 3576 0.07393109196148881 0 0 9.775573328924587e-05 0.0004306165938582711 0.0008668160489797188 0.0007635159363748652 0.0009299338690200399
448 3584 0.07328259061892582 0 0 8.59777526845932e-05 0.0004140587141519598 0.0008445954446763157 0.0007560303360573975 0.0009112868125179884
449 3592 0.07620873312824608 0 0 9.281387064894345e-05 0.00043888772136151534 0.0007742112916339393 0.0007250134737185717 0.0008592173091463661
450 3600 0.09331227025700195 0 0 0.00011216199108386314 0.0006688186527930248 0.0010017858270193242 0.0009089994894713481 0.0011135531872895764
451 3608 0.09297600339886852 0 0 0.00010409513932997677 0.000683539937070308 0.0010269138375414923 0.0008807731835644492 0.0011157397081887769
452 3616 0.09426449414325451 0 0 0.00010284127973946671 0.0006707698298453885 0.0010715485191488262 0.0009333469210388967 0.0011865021793789191
453 3624 0.0912586125199519 0 0 9.908197030602725e-05 0.0006773287810268929 0.0009533961325229364 0.000749436753320707 0.0010123094877356716
454 3632 0.0902280343327769 0 0 0.00010632139115164742 0.0006784109008571569 0.0008653627461996057 0.0007004759837671012 0.0009395206143926827
455 3640 0.07807788794963522 0 0 9.270422152024549e-05 0.0005464685947441299 0.0006949097111660969 0.0005805940781708857 0.0007683071949739435
456 3648 0.08599531862914953 0 0 9.601241547584148e-05 0.0006032431680666766 0.0007632393287814466 0.0006425266790481422 0.0008307471179972222
457 3656 0.08481967255864654 0 0 9.290380401753381e-05 0.0005900947301074042 0.0007693298246023431 0.0006076174994006172 0.000800925590655226
458 3664 0.07417503418675303 0 0 7.746254725435962e-05 0.0005075740300527663 0.0006599470438004181 0.0005083076753344907 0.0006768613224286081
459 3672 0.06971503253066842 0 0 6.838253419423931e-05 0.0004658191556518802 0.0005726750891587465 0.0004515923309385531 0.0005766169314902649
460 3680 0.061310237543912675 0 0 5.6385680104927985e-05 0.0004190343169453941 0.000482716651889734 0.00036295832760189784 0.0004865068780239505
461 3688 0.058171747965740296 0 0 5.454611046617807e-05 0.0003805680463166174 0.0004681619185637023 0.00034089010287354345 0.00046748096194145335
462 3696 0.05311712914585115 0 0 4.9320459261592225e-05 0.0003242187355448564 0.0004393624507803463 0.0003133136414171321 0.0004386707145245375
463 3704 0.05792204477109973 0 0 5.920681216221746e-05 0.0003280818604840588 0.0005291394084193844 0.0003611902888401007 0.0004967135700663258
464 3712 0.05549245275338016 0 0 5.589004125047396e-05 0.0003170629120045547 0.0005351331993364305 0.0003358197838273937 0.0004947409762293035
465 3720 0.0576834830979435 0 0 5.863344994731513e-05 0.00031196668711520724 0.0005890393379613853 0.0003344023318650737 0.0005280220498051117
466 3728 0.05430591254916855 0 0 5.620166734367612e-05 0.00030199036681967677 0.0005233643014486188 0.000289473448704945 0.00045935661802594917
467 3736 0.0577436169987962 0 0 5.770547439784978e-05 0.0003154846599798386 0.0005825174373027365 0.00031508453974199815 0.0005065299378010096
468 3744 0.06642390183339485 0 0 6.636548286298597e-05 0.0003496267875597356 0.0006768452806050257 0.0003712227076837936 0.000577025624034718
469 3752 0.06320376238564084 0 0 6.226211711425438e-05 0.0003203585794790976 0.0006333381468838906 0.0003402937561704851 0.0005326413204438607
470 3760 0.06043148750955663 0 0 5.3014216929753204e-05 0.0003153289207898069 0.0005348088980360388 0.0003204408617418546 0.00045183666650251377
471 3768 0.054239007537158566 0 0 4.797822904683116e-05 0.00030478646381046587 0.00047478388225348175 0.0002719799282878898 0.0003952474683888969
472 3776 0.0505135468761984 0 0 4.589531896452865e-05 0.0002943219936766325 0.0004615395232172143 0.000251712179372089 0.0003783178206998773
473 3784 0.05180760133979502 0 0 4.460724157191625e-05 0.00030838773301842816 0.00044491980563007134 0.00025151400413432384 0.00036108845184085463
474 3792 0.05451791138620785 0 0 4.762303344643787e-05 0.00033842626072702766 0.00044719677040728237 0.00025728559414804245 0.00037580135769031643
475 3800 0.054518836922253504 0 0 4.7420292043899585e-05 0.0003553874167472297 0.0004381049376181295 0.00025131695900216513 0.000373740627800043
476 3808 0.06355332141232858 0 0 5.6660606469336925e-05 0.0004345858734202536 0.0005890611156226156 0.0003039783168873547 0.0005005661046385096
477 3816 0.06239798701776814 0 0 6.036057162840277e-05 0.0004248693142362679 0.0005727608833262668 0.0003042406229787809 0.0004907291568204189
478 3824 0.06047476294827644 0 0 5.838136429133726e-05 0.0004388926687554101 0.000539880902984099 0.0002735413836307132 0.0004612946425056657
479 3832 0.0617113984729266 0 0 5.660965929849965e-05 0.0004556847913355227 0.0004990273468357861 0.00026391393078302125 0.0004383164107378607
480 3840 0.07277843842053096 0 0 7.072509163504682e-05 0.0006188167827729293 0.0006002600744067024 0.00030622313487282477 0.0005238019229725849
481 3848 0.0802768788035254 0 0 8.156908141514801e-05 0.0006609700113241348 0.0007040037002012528 0.00033602846179185816 0.0005872084145786813
482 3856 0.06696797680895382 0 0 6.242644250586642e-05 0.0005295510580841913 0.000557163100473851 0.00026566592502040896 0.0004761810543947444
483 3864 0.05842816337471535 0 0 5.275491250973418e-05 0.0004520639869253395 0.0004456977654690429 0.0002388052114223737 0.00040298761174995294
484 3872 0.06615226659943216 0 0 5.673491457362082e-05 0.0005146600955127424 0.00048498911263727 0.0002860595138292231 0.00043767465801889565
485 3880 0.07543711597360242 0 0 6.248230139859444e-05 0.0005573645095199134 0.0005090579708002961 0.00033570372687031347 0.0004854282318017907
486 3888 0.06967126102002098 0 0 5.519167844433166e-05 0.0005275175490164723 0.0004534712353478929 0.0003060461543692495 0.0004482508343382633
487 3896 0.07348855525394626 0 0 5.841421905569715e-05 0.000539627113763539 0.0004988661267674384 0.00031420846864787296 0.00048474488912130014
488 3904 0.06642870936152175 0 0 5.1209974607177714e-05 0.0004835428957250065 0.0004041778706615444 0.0002815722051416988 0.00041837057633886427
489 3912 0.06127110748758904 0 0 4.724843568758122e-05 0.0004418683438680307 0.00036672068947306416 0.00025620099896331744 0.00037616873281376737
490 3920 0.05939956773041969 0 0 4.60461765827404e-05 0.00043449524343350157 0.00036489617406323786 0.00024788793801457554 0.0003721345039107755
491 3928 0.05545982617733463 0 0 4.3390581050465944e-05 0.0003814938651583658 0.0003249594233894722 0.00022896608011633692 0.0003351119790708418
492 3936 0.05816556925519882 0 0 4.498599157404901e-05 0.00039921606310503203 0.00031716200189133893 0.00023721780095737295 0.0003412591714239224
493 3944 0.05745555130158397 0 0 4.057528497427402e-05 0.0003846895504345776 0.0003229424907338176 0.00026432074976885124 0.0003590576162507366
494 3952 0.05445679374032003 0 0 3.749743315245301e-05 0.0003650367833884477 0.0003025453221521372 0.00024635209981449654 0.0003370620068294125
495 3960 0.05260467655639476 0 0 3.929189077580632e-05 0.0003274047724019237 0.00026828375706204003 0.00022836374002193664 0.0003001410473899112
496 3968 0.05826237235750492 0 0 4.2968097508222416e-05 0.0003574716860509198 0.0002929369165553589 0.000253419666030163 0.00032039580159876535
497 3976 0.06558634359633642 0 0 5.572863632726653e-05 0.0004456823222198712 0.00028921685811239637 0.0003011612129335406 0.00035243408963629274
498 3984 0.0747812605817689 0 0 6.076306242114503e-05 0.000482935627840833 0.00033627251660034885 0.0003420912691463773 0.0003978078654019508
499 3992 0.08279008216043277 0 0 6.810696337989832e-05 0.000530784914916898 0.00038460115425920945 0.000357991553942105 0.00043780798462801537
500 4000 0.10021120800275074 0 0 8.313148523011576e-05 0.000656222912927742 0.0004669093386253863 0.00042865563448452363 0.0005231041990802473
501 4008 0.10330587805191785 0 0 8.668597828092002e-05 0.0007000301321746164 0.00048326353885447265 0.00044006811565293645 0.0005506792627483729
502 4016 0.09684420953903754 0 0 7.831770177773417e-05 0.000624490538470148 0.0004038844650120673 0.00041972745791779564 0.0004875027587503393
503 4024 0.08874862112441652 0 0 6.788212092083778e-05 0.0005354597673253399 0.000370392331711172 0.0003861655953897919 0.00044154484918260844
504 4032 0.0962621533940897 0 0 6.991854437600969e-05 0.0006139013514372307 0.0004491890801118308 0.00043566708655342837 0.000539992625468382
505 4040 0.08768701412842102 0 0 6.374845540710601e-05 0.0005624105361207141 0.0004031638070915256 0.0004182852066808473 0.0005110959812662246
506 4048 0.08406636614975561 0 0 6.0975861496573574e-05 0.0005373447352302742 0.00037321653655335275 0.000378585804513272 0.00047037767493899674
507 4056 0.09946727813592701 0 0 7.05994780796663e-05 0.0006411058335150914 0.0004553828670327233 0.0004493861944091094 0.0005507902753817998
508 4064 0.10369503544916 0 0 7.927341273852668e-05 0.0007409709539274047 0.00047768753356324585 0.0005058220337047298 0.000605186028964644
509 4072 0.09960113162298055 0 0 7.234858572182036e-05 0.0006776191768158383 0.0004563592909914572 0.00045624752111602236 0.0005563479202005939
510 4080 0.08982488344531997 0 0 6.527021466694679e-05 0.0006025878059679133 0.00037799988261032804 0.0003864581649335953 0.0004674927727442696
511 4088 0.08711701340604565 0 0 6.201258845120722e-05 0.0005923100327827143 0.0003941343763592143 0.0003772598747703501 0.0004762300252293136
512 4096 0.08520995632232942 0 0 5.938348750940085e-05 0.000581074928483183 0.0003934453673756689 0.0003945635808474278 0.0004878780931759925
513 4104 0.08163440868421508 0 0 5.650404518566903e-05 0.0005868189232984585 0.00037858181832239917 0.000394448486571023 0.0004875621250453838
514 4112 0.08335805010273972 0 0 5.770386992100778e-05 0.0006218679726247955 0.0004097053004875089 0.00042594861902817827 0.0005270534135295856
515 4120 0.1021526811740376 0 0 6.937841790642396e-05 0.0008142624505127526 0.0006461642757819088 0.0006109263540907355 0.0008017634426387879
516 4128 0.11578287554594821 0 0 8.469398031565015e-05 0.000943085946674397 0.000747884117007606 0.000696975395034767 0.0009114326215159628
517 4136 0.09992912965873246 0 0 7.106026975470219e-05 0.0008065498843322437 0.0006296642443060293 0.0005875586290415121 0.0007716316203110056
518 4144 0.09228507672999868 0 0 6.704092515776555e-05 0.0007475612348228316 0.0005583515667482023 0.0005326479404324281 0.0006938143246109189
519 4152 0.07747958683190356 0 0 5.2315672150276535e-05 0.0006176782902986724 0.00046932663457318344 0.00043860261875775306 0.000579559445231814
520 4160 0.06997035486667269 0 0 4.327130659926087e-05 0.0005460176012356316 0.0004512635868304685 0.00038344615705829797 0.0005299480073489379
521 4168 0.07931410927635607 0 0 5.0255003337765244e-05 0.0006369968672643768 0.0005147747999226552 0.0004371513782788531 0.0006027445724623916
522 4176 0.07207505816666158 0 0 4.011553303225425e-05 0.0005374783847372526 0.0004600485228596206 0.0003766946949877647 0.000526724209787346
523 4184 0.07160586395246339 0 0 4.530495838056116e-05 0.0005868657821579979 0.0004378352825114357 0.0003889838822528747 0.0005286226923166905
524 4192 0.07085631884399368 0 0 3.970134401546481e-05 0.0005317869149625488 0.0004326515981525886 0.00037816912453888157 0.0005163624315953619
525 4200 0.06315865626120246 0 0 3.5221258354987964e-05 0.0004813111195982142 0.0003665874204179249 0.0003207317280507742 0.0004390197251172396
526 4208 0.06780745009454736 0 0 3.80537918334017e-05 0.0005179877785425858 0.0004179298814902941 0.0003711051704687686 0.0005081725552635169
527 4216 0.0639797675580041 0 0 3.608962375525063e-05 0.00047453161720698646 0.00037723819780193814 0.0003389829797768779 0.00046127758184734684
528 4224 0.06141858181754082 0 0 3.444583969008306e-05 0.0004522139835316649 0.0003436571471132936 0.0003295175969537293 0.000434780293132885
529 4232 0.05531955584227797 0 0 3.037799125278546e-05 0.00039612002142897857 0.00029155367359726624 0.00028406996068949694 0.0003749585529596491
530 4240 0.04908027697792822 0 0 2.6870502798634232e-05 0.0003400150136385626 0.0002582223028911024 0.0002450446948682779 0.0003253989774368183
531 4248 0.04550265984909332 0 0 2.4086452317059258e-05 0.0003128003842854587 0.0002402141181426717 0.00022319704695352943 0.00029924055392565354
532 4256 0.04290054058191731 0 0 2.3380560606034173e-05 0.00030603296491673974 0.00021797090126540955 0.0002146353900429918 0.0002834520524803724
533 4264 0.03883043373752999 0 0 2.1669148942484308e-05 0.0002721454857046957 0.00019056406544843546 0.00018970672320583597 0.00024647147699250626
534 4272 0.04060239214448239 0 0 2.351966516039589e-05 0.00028143650879005645 0.00017661353441022744 0.0001794691278610688 0.00022668711954728542
535 4280 0.042085603005296957 0 0 2.4630132964474896e-05 0.00030086389343076574 0.00017732519499954672 0.00018755066718098784 0.00023493223342130898
536 4288 0.03771193409397587 0 0 2.1456205951958466e-05 0.0002603766318898578 0.00014760563440796218 0.000154544260307166 0.00019211280457085407
537 4296 0.03764175724865286 0 0 2.3347741488670514e-05 0.0002771910626016989 0.00014663776667937645 0.00015259399559213366 0.00018789856852850572
538 4304 0.03719862245019865 0 0 2.2073031212649693e-05 0.0002561935958502696 0.0001477476556953325 0.00014461736684573832 0.00018068778612102338
539 4312 0.035584426506286786 0 0 2.195106795781924e-05 0.0002537917350614305 0.00013916381073152584 0.0001396585337477319 0.00017288935017144492
540 4320 0.03839998028208413 0 0 2.35573676841807e-05 0.0002679280001565063 0.00014621824349458096 0.000140073345997578 0.00017660631758000482
541 4328 0.033871944459388605 0 0 1.9339932705153155e-05 0.00022221074816326173 0.00012714942953242329 0.00011273267502749777 0.00014721843360094924
542 4336 0.0312722951443098 0 0 1.8289018715754306e-05 0.0002115478592668373 0.00011447527922963702 0.000104367636413903 0.00013706703245579908
543 4344 0.029240537108657 0 0 1.6485145467313914e-05 0.0001944915391901296 0.00010267173011628532 9.726452357355454e-05 0.00012544935833642244
544 4352 0.02681173736414235 0 0 1.5641419571968153e-05 0.00017490742197413402 9.250520937598726e-05 8.723133935296746e-05 0.00010962252042692902
545 4360 0.028436332338167915 0 0 1.6921585895874757e-05 0.00018673085746966843 9.65565005855562e-05 9.719121422454354e-05 0.00011715412303248982
546 4368 0.028980648360862105 0 0 1.8031738135056587e-05 0.00020472711250566595 9.705596417230505e-05 0.00010878103013520483 0.00012951499879795272
547 4376 0.027922544835189446 0 0 1.8170253794665992e-05 0.00020075723204777499 9.156543039941588e-05 0.00010604587891554964 0.0001236682775302699
548 4384 0.02580828675078393 0 0 1.6825665577080157e-05 0.00018340075876440952 7.772952595256411e-05 9.568297232171737e-05 0.0001098761616113481
549 4392 0.02281607300645606 0 0 1.4377789265943442e-05 0.00015636304919604464 6.624926089810924e-05 8.051901949221423e-05 9.174772030306942e-05
550 4400 0.01963493122612926 0 0 1.1484728029517792e-05 0.00012495479184396473 5.208489988349778e-05 6.472481106768935e-05 7.270932057116442e-05
551 4408 0.01664929379070042 0 0 9.24244415831799e-06 0.0001033273158682792 4.077068005835117e-05 5.499745961123257e-05 6.18861694801166e-05
552 4416 0.014083291025954247 0 0 7.731925803340179e-06 8.521912044054823e-05 3.486139970544767e-05 4.375692265108837e-05 5.043962269008644e-05
553 4424 0.016478097067989122 0 0 9.19310841381611e-06 0.00010545303606013583 3.6542388137874987e-05 5.5512596949088264e-05 6.12527968561092e-05
554 4432 0.017914100418117983 0 0 9.667955296063834e-06 0.00011346816422937496 3.8425998866617876e-05 6.245111871782567e-05 6.9273645859072e-05
555 4440 0.017690462452502897 0 0 9.686361315867242e-06 0.00011178625803047775 3.619822601596632e-05 6.36701965999836e-05 6.854548684075121e-05
556 4448 0.018093946351435332 0 0 9.915740624374118e-06 0.00011643998409972512 3.939264098385805e-05 6.978802535810363e-05 7.565982526589988e-05
557 4456 0.020962215047354568 0 0 1.018331602611182e-05 0.00012121232850624439 4.551272729407429e-05 7.590889254424395e-05 8.328935133867367e-05
558 4464 0.023789908055403236 0 0 1.1600755020796323e-05 0.00013891819364825723 5.0788527214306e-05 8.142929376467292e-05 9.016515094389706e-05
559 4472 0.021595650970520613 0 0 1.1044172707836254e-05 0.00013043293613118203 4.5367555489391005e-05 7.292700389785246e-05 8.069917178251625e-05
560 4480 0.021076027236111447 0 0 1.0226305903352955e-05 0.0001237824464150818 4.3160824934379094e-05 6.985674850791094e-05 7.725842190237327e-05
561 4488 0.02350985974726148 0 0 1.2548377867381042e-05 0.00014944301745028384 4.7629097267589844e-05 7.98619621708147e-05 8.6980303870637e-05
562 4496 0.021313614629047926 0 0 1.1218293496511803e-05 0.00013066885210961555 3.9220844641606745e-05 6.73059420449085e-05 7.278037496847536e-05
563 4504 0.02120516338643799 0 0 1.0606474131068313e-05 0.00011979414354330853 3.871912477464926e-05 6.372121607333424e-05 6.960907743273041e-05
564 4512 0.02373124143071424 0 0 1.2777173004651944e-05 0.00013449158310774068 4.288269574669542e-05 6.631404184804044e-05 7.226550823428818e-05
565 4520 0.022801607766948746 0 0 1.2106271634020104e-05 0.00012875102508646367 4.042776905906941e-05 6.377356323998979e-05 7.078496661908419e-05
566 4528 0.023812962064855805 0 0 1.4034924272633081e-05 0.00015524155952751907 4.3284717866237714e-05 7.869475867868222e-05 8.655214167394434e-05
567 4536 0.02456971693594859 0 0 1.4208528433079065e-05 0.00015988948054716627 4.3994132890175534e-05 8.024432628809256e-05 8.81910939113442e-05
568 4544 0.020170514070310237 0 0 1.1560788054035715e-05 0.00013332119914995637 3.5952052606763445e-05 6.710349444475125e-05 7.362206721777188e-05
569 4552 0.01996897694987274 0 0 1.1878953632662409e-05 0.00014093029448913622 3.528794144574805e-05 7.347857527873154e-05 8.026084374111843e-05
570 4560 0.01780308765298625 0 0 1.0620712172565759e-05 0.00012484779294504391 3.158763580437843e-05 6.571742176831019e-05 7.144628404101026e-05
571 4568 0.018557805561947336 0 0 1.0939036289717979e-05 0.00012990328049312269 3.119663405516545e-05 6.686488188978139e-05 7.129031893636539e-05
572 4576 0.017936081839411845 0 0 9.93070776174107e-06 0.00011720836243087816 3.0372771258640344e-05 6.297083163252062e-05 6.7557154625986e-05
573 4584 0.017320425832451622 0 0 9.322614368639362e-06 0.00011053129377393303 2.799570104777986e-05 5.9883519985955e-05 6.482992067705484e-05
574 4592 0.014428811469337116 0 0 7.61067357836368e-06 9.15286743083217e-05 2.303121448829767e-05 4.804625506231115e-05 5.2447144960745204e-05
575 4600 0.012942459157639925 0 0 6.860314859145411e-06 8.187844977848764e-05 2.0553103168404827e-05 4.3879292029765974e-05 4.7963330792553134e-05
576 4608 0.012231612325348737 0 0 6.578439941557707e-06 7.594763410564262e-05 1.9518666208342807e-05 4.011154972823036e-05 4.406885896404969e-05
577 4616 0.011347875560935734 0 0 5.515506776753957e-06 6.375002988815649e-05 1.78325506298552e-05 3.410163558218595e-05 3.792649727599003e-05
578 4624 0.01394273160118033 0 0 8.080424493798689e-06 9.849326833540691e-05 2.478745467379713e-05 5.595142495877051e-05 6.117146860920283e-05
579 4632 0.01592055952784285 0 0 9.774386650529695e-06 0.00011757280337315945 2.9833545544546533e-05 6.766955608464978e-05 7.391363348312088e-05
580 4640 0.01720317038605944 0 0 1.0921214400630407e-05 0.00013207214114194043 3.425104078975451e-05 7.664935906069854e-05 8.396631942029242e-05
581 4648 0.017076982687944043 0 0 1.1260552889868204e-05 0.0001384012168220232 3.609938519144221e-05 8.233312676604197e-05 9.003203362285532e-05
582 4656 0.01712401062434222 0 0 1.133338090656989e-05 0.0001399296684161244 3.5337075293609425e-05 8.368143918904181e-05 9.111088459976986e-05
583 4664 0.01743013092166306 0 0 1.1115549376236502e-05 0.0001355420336115188 3.542580762271254e-05 8.130077383239256e-05 8.863396648392963e-05
584 4672 0.019185122910143383 0 0 1.261252758710642e-05 0.00015152317403166818 3.9302059208088774e-05 8.996187377713871e-05 9.794634976450822e-05
585 4680 0.020676687867234048 0 0 1.2565233253450338e-05 0.000152638146850838 3.759977451206205e-05 9.330191043021113e-05 9.949414184735695e-05
586 4688 0.023471583096218024 0 0 1.650370409981527e-05 0.00019846418232284313 4.587678934761322e-05 0.00012299424642019615 0.00012957238489418464
587 4696 0.019386087973615993 0 0 1.2994493767193085e-05 0.00015706891301948476 3.506706864839057e-05 9.767737375662171e-05 0.00010196664598597374
588 4704 0.01993200980324427 0 0 1.310617259850125e-05 0.0001578299062357256 3.837839295523441e-05 9.858697145907495e-05 0.00010395343668010303
589 4712 0.020584688741232766 0 0 1.2966035933037466e-05 0.00015874562159172532 3.825887680258749e-05 9.957008190065863e-05 0.00010507381986123126
590 4720 0.01851867703360899 0 0 1.2150784335636092e-05 0.0001466240021576908 3.6119828342901864e-05 9.097761419456635e-05 9.633026393669602e-05
