% # columns="iteration, evaluation, void, void, void, xmean", seed=5, Wed Sep  8 14:19:09 2021, <python>{}</python> # scaling_of_variables: 1, typical_x: 0
1 8 0 0 0 0.5327885926181786 -1.4258769617187508 0.6929884919575366 -0.6099063408529741 -0.6419640547367083
2 16 0 0 0 0.3515071394796548 -1.0569917881466717 0.6530718642045452 -0.8716467404880068 -0.5466933757612894
3 24 0 0 0 0.703459071370658 -1.0601642345351092 0.37311893053395423 -0.6824924457620438 -0.3412516227305471
4 32 0 0 0 1.0455663689376882 -0.35244655688736204 0.37716538780374376 -0.8253313646518998 -0.15074850900641193
5 40 0 0 0 0.9699778119482986 -0.18005572810285364 0.1927750207858699 -0.5598652535540108 -0.35297786501184236
6 48 0 0 0 0.8454373667099963 -0.5629060506924111 0.10673083946514912 -0.21311954926006205 -0.2645157758532693
7 56 0 0 0 0.48616015095967513 -0.34618648690262993 0.14516768652885076 -0.19913998951459666 -0.34861281126473354
8 64 0 0 0 0.24020177823348599 -0.3717284254132015 0.0051951632741566445 -0.21452310868322177 -0.2523451554766034
9 72 0 0 0 0.39027261150482895 -0.4142801320839604 -0.022430493268666477 -0.28812889560352556 -0.2697210062672898
10 80 0 0 0 0.2507114026700391 -0.0794646325502501 0.04679751559573314 -0.19294526085831604 -0.021776717893064068
11 88 0 0 0 0.2243892837111011 -0.042666348282682474 -0.09290134115346843 -0.16080263597615027 0.1631093947935383
12 96 0 0 0 0.007485270424650775 -0.023202225808511803 -0.12352769386306577 0.0008178384756620527 0.1787061485964231
13 104 0 0 0 0.05388094133656663 0.03321846387441266 -0.11871018547643253 -0.11840592145272055 0.28704151941863926
14 112 0 0 0 -0.03216453085667958 -0.13852961999279123 -0.07458721881475264 -0.047360498377477495 0.2909018869111961
15 120 0 0 0 -0.08440193810196012 0.0861123636786568 -0.013856841874679011 0.08445311617047971 0.20563329042237843
16 128 0 0 0 -0.16591356931439694 -0.09899305722031698 0.03146647145204257 0.1506288230618834 0.12006917858057593
17 136 0 0 0 -0.02798997284809432 0.12907425249195503 -0.005896293098053451 -0.04923638100242367 0.23543194792678046
18 144 0 0 0 0.06484991256259365 0.11556650578301997 -0.029337331172071397 0.01784042465590871 0.08077466799293245
19 152 0 0 0 0.07927707115766361 0.10854068106832446 -0.055779086088426494 0.025605516857853963 0.08577415392923293
20 160 0 0 0 0.10906266472857554 0.03500679206244953 -0.03875029351015745 0.09382917340734442 -0.011795124609954688
21 168 0 0 0 0.145545698526051 0.037458227815081284 -0.057674478274408476 0.07235344557692924 -0.0970684215167431
22 176 0 0 0 0.04416379977894677 0.02403909086343597 -0.06070435725668499 -0.03628596513222554 -0.1531606626475417
23 184 0 0 0 0.07072658194352367 -0.03121131268759351 -0.04536230026203402 -0.07930616842408761 -0.08557977413873134
24 192 0 0 0 0.06444937563996714 -0.028397714562250164 -0.0016474533946056191 -0.018119213989477287 0.007591049892666402
25 200 0 0 0 0.044569708963935056 -0.009167183761570195 -0.03660088331942035 0.002628310321356832 -0.02654532363183798
26 208 0 0 0 0.01289475621092901 0.006709440550277539 -0.00027596785543654995 0.022485435235395576 0.027428857936679034
27 216 0 0 0 0.02458896114122037 0.0043974080716550285 0.010291339102720898 0.026292186670315784 0.019301071174999896
28 224 0 0 0 0.0408463527480708 0.018107827981530805 -0.014533189842538895 0.001005692660992808 -0.021094856266727063
29 232 0 0 0 0.022518530683926632 -0.017683093057072875 -0.011610083493465664 0.007877236005463232 -0.022690502091854817
30 240 0 0 0 -0.011146247325116002 -0.007495677014175004 -0.007557479965370729 0.0024083668927814645 -0.00960596293591038
31 248 0 0 0 0.012639344745235995 -0.0028058000648191334 -0.01162460893883453 -0.008223937319818284 -0.009988051957490203
32 256 0 0 0 -0.00904473847227754 -0.002279710475009114 0.010928785318196002 0.014564160330859985 0.005168883447219193
33 264 0 0 0 0.008571788007255918 0.0013799185623355925 0.022498791817322877 0.0002318322184506772 0.007752152544678593
34 272 0 0 0 -0.0009365982032445951 -0.008009357627355454 0.03292220444153957 0.0035275547261034556 0.003439912167942513
35 280 0 0 0 0.0061859510868321485 -0.0120209695795185 0.02440990598780405 0.012580584145700478 -0.01603600433650547
36 288 0 0 0 0.010451182727046919 -0.004200629468638488 0.014138615243446959 0.015868333791676546 -0.000656642982626264
37 296 0 0 0 0.007449639677265473 0.005233852722086501 0.0013459704674490761 0.005118188601895557 0.006598171628555627
38 304 0 0 0 0.0031213289665825107 0.001792427660814438 0.00014122210210723444 0.0019079321930170826 0.010665313140108025
39 312 0 0 0 0.013342017030448367 -0.006090715620639119 0.006375911271922221 0.010031476718808245 0.00708411825970163
40 320 0 0 0 0.006881638082158002 -0.002244885810562018 0.010787331793091494 0.01812486406758837 0.014843582147501403
41 328 0 0 0 0.016466063605138866 -0.0026410397771890006 0.0022216282509125145 0.00924851856389959 0.0034977782237607946
42 336 0 0 0 0.014342185386169718 -0.007143646556201231 0.007044447163687243 0.00616552666079761 0.0017010096683627613
43 344 0 0 0 0.009620396928757928 -0.005365661661279112 0.010435219760890754 -0.001821110242803398 -0.0007020365157490282
44 352 0 0 0 0.013759723588876558 -0.004418003760895575 0.011111868921344425 -0.0008519566282179736 -0.0020733338071580354
45 360 0 0 0 0.007493186455083185 -0.003850899987030312 0.011935864743169572 -0.002612832463742738 -0.0013998850249048282
46 368 0 0 0 0.008392968833631697 -0.0133182184302949 0.012484414413500945 -0.0062633426754203254 -0.006620933704130823
47 376 0 0 0 0.003537589506517568 -0.014287702380442508 0.008533120820388054 -0.003995956615711596 0.002319986668621454
48 384 0 0 0 0.002601426532010264 -0.012764084930658885 0.010324654377153257 -0.002263959477727737 -8.394726731771659e-05
49 392 0 0 0 0.0036645597076728122 -0.014284044765650077 0.01380624839344462 -0.009734599156692182 -0.0032304757258302124
50 400 0 0 0 0.006337198143275079 -0.017022072416964597 0.014810902889136562 -0.012319697914785124 -0.006879548021648622
51 408 0 0 0 0.0027012819265337562 -0.014635424337337909 0.010258241659227625 -0.01504399838163866 -0.005070075237413833
52 416 0 0 0 0.0015376682147203674 -0.010542913001720944 0.010291990457331503 -0.014724761159974023 -0.0021908345491007493
53 424 0 0 0 0.002807872168919989 -0.005840814842862659 0.011147491539322908 -0.0059633842961158146 0.0008035773349295864
54 432 0 0 0 -0.000712543122969464 -0.008120474200408628 0.012677159696932637 -0.00818201789988595 -0.0008719961081500756
55 440 0 0 0 0.00024887843905874207 -0.008143763752376389 0.014460720648929743 -0.005525403800900433 -0.004153742230055707
56 448 0 0 0 -0.0017975369143196861 -0.008734732805345917 0.014020031346835578 -0.005168633479011601 -0.004638992797156773
57 456 0 0 0 -0.003969682755467796 -0.008307998467924769 0.014499289681904455 -0.0036350492470470334 -0.0005345564569233935
58 464 0 0 0 -0.004207706489978095 -0.0050960475638370285 0.01109937020152245 -0.0026305173350771862 0.001215087306789501
59 472 0 0 0 -0.004494862429088161 -0.006323304938764498 0.010082457818844159 -0.002184814043635089 0.002590409368090708
60 480 0 0 0 -0.009239756238300324 -0.0060765001249780065 0.009044823394641233 -0.0015392411318496182 0.005533306351392735
61 488 0 0 0 -0.007905757352848783 -0.006847095305984307 0.009152867200405567 -0.0029128534275346504 0.0030153657297808784
62 496 0 0 0 -0.007900375351698938 -0.004763328458132456 0.009150035327067315 -0.0026803062614691162 0.005543862184353588
63 504 0 0 0 -0.00674403717092868 -0.007166407718671485 0.005366542270616449 -0.004751488081560309 0.006798690073121024
64 512 0 0 0 -0.005206985437872932 -0.006070188349322572 0.004413778625888162 -0.0031643678207284886 0.01017434273862078
65 520 0 0 0 -0.006814531526814373 -0.002844142707559112 -0.0008419921224624557 -0.0002032801446230966 0.015341266139894708
66 528 0 0 0 -0.0023117959373215634 -0.006247653369731504 0.0007834625358819746 -0.0021233407743723957 0.011859167132583507
67 536 0 0 0 -0.0034722522488640052 -0.005496961278104756 0.0005522097374236364 -0.001889323755603493 0.014723818384837823
68 544 0 0 0 -0.009045982318747644 -0.004277409895477356 0.004609006622019376 -0.0009949248194114663 0.014438153334184467
69 552 0 0 0 -0.009159103104025481 -0.007129322788502487 0.004024362739678664 -0.004080533994888889 0.011102235510393719
70 560 0 0 0 -0.005557466195203876 -0.005728633396411652 -0.00022503571910241753 0.0010474655539074711 0.01592906632365072
71 568 0 0 0 -0.005162435516008387 -0.0043255593815327295 0.0019954685057620874 0.0027511701172696647 0.014233310395640136
72 576 0 0 0 -0.00617079858050353 -0.0006792464625656048 0.004414221228629932 0.0026339544861748144 0.011992392836684376
73 584 0 0 0 -0.005374044935938385 0.00045204392551560085 0.005414992032071983 0.0030726030394824812 0.012766021301030465
74 592 0 0 0 -0.0025423557727632124 -0.0032480956321435466 0.0019711129350231528 0.0029873311550268353 0.013795966208768563
75 600 0 0 0 -0.002709080378802954 -0.005978157350252465 0.00038095017866657363 0.002554261139376092 0.013429336400914312
76 608 0 0 0 -0.002967669324437184 -0.0038563500300593623 -0.0018416102139575056 0.002399969229278672 0.014218446702742277
77 616 0 0 0 -0.0004269372991707178 -0.0029998654042816095 -0.00024096715830909036 0.0037236909882675984 0.014871559896215972
78 624 0 0 0 0.00014545508963502928 -0.003497265725795689 0.0024114673025351493 0.003419565868541995 0.013826833790435611
79 632 0 0 0 -0.0016267574840858477 -0.0029106557595293798 0.0022636652127644746 0.0018067468339321075 0.01388623722129728
80 640 0 0 0 8.641007118177627e-05 -0.002996143338075207 0.002274589439148641 0.0009707214018434118 0.014864502161034953
81 648 0 0 0 -0.0015412149742834648 -0.0036873549416490295 0.0008188206631440675 -0.0003574362093059077 0.01625440083115517
82 656 0 0 0 -0.0028480485971008177 -0.0036435465018277093 0.00026930026763955493 -0.0020396491868531854 0.01684711540283917
83 664 0 0 0 -0.004170317117239669 -0.002191966174950063 -0.0005757719953230192 -0.0033295997115535313 0.017173850811665038
84 672 0 0 0 -0.002485522261251591 -0.0020605250014577954 0.002171532334816523 -0.002344603803079237 0.015522766531117076
85 680 0 0 0 -0.00199135777648208 -0.0007522490075636352 0.003952902739181414 -0.0024267890318207166 0.014908497828192733
86 688 0 0 0 -0.002499967690486602 -0.001991650583787046 0.005520353491798519 -0.002903748730538213 0.0134670328009683
87 696 0 0 0 -0.0013650387240732376 -0.0013158983742046896 0.005346362569170103 -0.0020490686167447146 0.013524235451498888
88 704 0 0 0 -0.0008259718159937864 -0.0011757324453199455 0.00772043059058386 0.0006030024099505709 0.013003844833683232
89 712 0 0 0 -0.0024438102260036076 -0.0015214842164092417 0.003816787989903847 0.001122132351834796 0.014754204950705268
90 720 0 0 0 -0.002143202830815172 -0.0029667620931121807 0.0020390112771673293 -1.5182761601790834e-05 0.01630277976061286
91 728 0 0 0 -0.002298906947114235 -0.00194736256300574 0.002153862700581932 -0.0002891167467444337 0.016361945148830173
92 736 0 0 0 -0.003249691428397534 -0.0013000786705498577 0.0022311085262745507 -0.0011077692020511445 0.015802113031974638
93 744 0 0 0 -0.0033226436784230444 -0.0016536043247879924 0.0022033137868172656 -0.0003132630301474253 0.01635401077487526
94 752 0 0 0 -0.004588966329436678 -0.0005941900761909005 0.0014748765030067564 -0.0030181432648470384 0.016854296456917245
95 760 0 0 0 -0.0030955588411312866 -0.0004060784055307098 0.0019060817343855045 -0.001640588872543696 0.017017777391242248
96 768 0 0 0 -0.002660288075496484 -0.00086401131183221 0.003178189891935784 -0.0013738211301370599 0.015922413559465116
97 776 0 0 0 -0.0021158142837437444 -0.0006362902443642056 0.0033396824726437875 0.0006373482068961164 0.015826378082055424
98 784 0 0 0 -0.0022216957142433182 -0.0003488982228857905 0.0023113218970892907 0.0004312697925901003 0.016280220156142815
99 792 0 0 0 -0.0027190814078350135 -0.0011074862470367812 0.0015494491641193464 -0.00016146638725141993 0.016516411105336668
100 800 0 0 0 -0.003318704009478511 -0.000418198957877098 0.0016234866990904315 -0.0019700246741343693 0.016388720570784967
101 808 0 0 0 -0.0038018365569016427 -0.0001884915311237104 0.0002139264603198425 -0.004370028756221577 0.01733950358408819
102 816 0 0 0 -0.004105277816828205 0.000665087250449995 0.0013416022370685632 -0.004543995216413325 0.0163962906297747
103 824 0 0 0 -0.0033315144749979787 0.0006705177445379123 0.001974172844590108 -0.004618669413520699 0.01638052724128912
104 832 0 0 0 -0.003528690153988733 0.0006194840857417679 0.002152143280848268 -0.004891817239485876 0.016704763129460287
105 840 0 0 0 -0.003880399705475718 0.0006499814359678441 0.0024025127244466345 -0.0034690593300750767 0.016866096674150757
106 848 0 0 0 -0.003247239279239677 0.000630874512813827 0.0031753766498640356 -0.0028222673972763167 0.015994131366086406
107 856 0 0 0 -0.0033705141724851145 0.0010594544794348848 0.003266123379281288 -0.0031929180438363346 0.015891547124568195
108 864 0 0 0 -0.0035348075711207003 0.0017089490743506365 0.0032319277773006005 -0.0041746903000030346 0.016083547870380573
109 872 0 0 0 -0.0036039907810076874 0.0014426457782308751 0.0027835559240483023 -0.0040235472990478435 0.01667006438008491
110 880 0 0 0 -0.0037013816249347234 0.0018912896607364367 0.003420317795513473 -0.0038496910415549094 0.016477664523356837
111 888 0 0 0 -0.003724629356909671 0.0025846820244264006 0.00351552635518006 -0.004064204303739695 0.016726255244696082
112 896 0 0 0 -0.0036206452653512757 0.0028152940860052015 0.00306307154545724 -0.0038320680304529614 0.017193705622221143
113 904 0 0 0 -0.0023850404082686725 0.002756444461989261 0.00369100118355428 -0.0027277604812445924 0.01693952678308677
114 912 0 0 0 -0.002363121551871541 0.0036486847037768395 0.003968586256191249 -0.0030274538813223274 0.016680049372659066
115 920 0 0 0 -0.0019582406743065255 0.0033713040042752944 0.004210035650552787 -0.002060493487871658 0.016609030765287525
116 928 0 0 0 -0.0015175389315431977 0.0029343601786936315 0.004670965577590121 -0.00033046645220983877 0.016148369030375916
117 936 0 0 0 -0.0019295694203974312 0.003283799117582053 0.003898626174282736 -0.0020976815101706853 0.01656651965508287
118 944 0 0 0 -0.0018100730616409232 0.0036328582587977147 0.0035531098884683913 -0.0022305376047392195 0.016448335103423358
119 952 0 0 0 -0.002071801407693785 0.00367437298844421 0.003325464098037722 -0.003335278880126612 0.01632766251845104
120 960 0 0 0 -0.002166204975492094 0.0038655634409695675 0.003537141467163194 -0.002580854604982666 0.01648329182306689
121 968 0 0 0 -0.0019494349904938084 0.0039974761796642295 0.003861802233333616 -0.0020006942113471337 0.016550341339872755
122 976 0 0 0 -0.0021683935025688973 0.004551490926519312 0.003682377206425027 -0.003014027530984378 0.016701592415998206
123 984 0 0 0 -0.0026677872431654297 0.005226296744993375 0.003557610820920568 -0.004373657928959366 0.016862068191615308
124 992 0 0 0 -0.0018301664058338815 0.004396483904791691 0.0039534131157256975 -0.0029662359807877663 0.016233149986538627
125 1000 0 0 0 -0.0011164006601520364 0.004049884069130461 0.003793841812291449 -0.00181447580474652 0.016098064600070593
126 1008 0 0 0 -0.0007771773464336871 0.0038775010176343347 0.0038138211265489864 -0.001428964483949466 0.016252108946911998
127 1016 0 0 0 -0.0008979451597148607 0.00412694320665036 0.004514300901004904 -0.002158386506947949 0.01605439294424623
128 1024 0 0 0 -0.0006307915680799933 0.0039258045654898596 0.0048939711168511394 -0.0016556364362044968 0.015949467179357763
129 1032 0 0 0 -0.0005811550471191475 0.003682081803020164 0.005430917402663994 -0.0012649693904638684 0.0155625731297033
130 1040 0 0 0 -0.0009493549381315 0.004058236176799354 0.005193242599551544 -0.001647228557189629 0.015650147581896666
131 1048 0 0 0 -0.0011790367064856192 0.0041354961381854065 0.005705014407428896 -0.0013649117065163215 0.015449379363672893
132 1056 0 0 0 -0.0013423419796783553 0.004429108179072355 0.005809175592011801 -0.0013629312013264127 0.015561924636153142
133 1064 0 0 0 -0.001182584400657242 0.004990489235633084 0.00664568638114915 -0.0011071942941575854 0.015413778608577268
134 1072 0 0 0 -0.0009608498459012134 0.004702977460471391 0.006798947764467426 -0.0004414259265988897 0.015385850619397606
135 1080 0 0 0 -0.001043545251525418 0.004680583168687781 0.006472416034901006 -0.0005704602814687459 0.015400225932331627
136 1088 0 0 0 -0.0005560563779259655 0.004183056514766692 0.006460412371520341 0.0001251383941311445 0.015014668087662312
137 1096 0 0 0 -0.0009833534310464364 0.004288893948865956 0.0060048396524354005 -0.00046372990192357355 0.015238082657901372
138 1104 0 0 0 -0.001271607382873421 0.004537332449341059 0.005557963554194015 -0.0008907909939504418 0.015594956098736939
139 1112 0 0 0 -0.0017402956583459524 0.004806739260327107 0.005512622567228267 -0.0014368387982002559 0.015623453448066165
140 1120 0 0 0 -0.0015883063735805819 0.004476362445457364 0.0050075068842974834 -0.0010001609548773442 0.01569125923363314
141 1128 0 0 0 -0.0017764975804604134 0.004768689156612464 0.004809044488973422 -0.0018436053435679557 0.015981224329888417
142 1136 0 0 0 -0.0019181063222631215 0.004887320540694024 0.0042886968185736 -0.00223504365417314 0.01640329045400069
143 1144 0 0 0 -0.0018502736974474973 0.004976841929347348 0.004709820909879452 -0.00232960682696613 0.016245139761246565
144 1152 0 0 0 -0.002092395042355797 0.005137019962307794 0.0045014857295144145 -0.0029504928165998553 0.016446735327053864
145 1160 0 0 0 -0.002102115750539834 0.004972435000788671 0.004778571717210914 -0.002729800057832096 0.016271340937704503
146 1168 0 0 0 -0.0018380258304562817 0.0048643017553575115 0.00489411276626419 -0.0026384571008372455 0.016150157681493294
147 1176 0 0 0 -0.001800875456153626 0.005028005809622455 0.004689400311916266 -0.002851428840676479 0.016173082990923026
148 1184 0 0 0 -0.0016388652900529768 0.004901753876696799 0.005002358951216716 -0.00251444837953495 0.01595233481698479
149 1192 0 0 0 -0.0014056843443372847 0.00459598742934899 0.004940293506964787 -0.0018384295137999055 0.015756323083970826
150 1200 0 0 0 -0.0012030101182017316 0.004555391491780231 0.004922217206842739 -0.001681579713680829 0.015921700067932774
151 1208 0 0 0 -0.0014121319563527074 0.004469872266816306 0.004570066860109945 -0.0016353334357283266 0.016175445485316062
152 1216 0 0 0 -0.0016770723261285156 0.004519555289752893 0.004563596957310362 -0.0023135086127174754 0.016249584381094095
153 1224 0 0 0 -0.0013597412756795502 0.004301303181730543 0.0045510233568650926 -0.0014402109293939823 0.015891628061221717
154 1232 0 0 0 -0.0013976316234199145 0.004291991525802093 0.004955834370962325 -0.0015340596717368369 0.01579623427421094
155 1240 0 0 0 -0.0014934007079636057 0.004386931285342389 0.005176515088047992 -0.0017858928816233224 0.015833080670572833
156 1248 0 0 0 -0.0015763488393350953 0.004457121140729479 0.005294131731552306 -0.00190749747840872 0.01577416536195592
157 1256 0 0 0 -0.0016725106463837131 0.004467372409678862 0.005192822320848646 -0.0018545575748905726 0.015895669051615584
158 1264 0 0 0 -0.0018930342235349595 0.004610557184951782 0.00563369081719807 -0.0016549989655792931 0.015694658120010644
159 1272 0 0 0 -0.0014212281809304348 0.004144120943776516 0.005672937932705316 -0.0006873393161799059 0.015622508968166903
160 1280 0 0 0 -0.0011625692787003118 0.003721738435371746 0.005187857070050705 -0.00041902407985670474 0.015756747807186017
161 1288 0 0 0 -0.001236692727879476 0.003689340041780885 0.005185078845476572 -0.0006100042800357086 0.015845362585664425
162 1296 0 0 0 -0.0012664663935177383 0.003821742405623803 0.005727436145129031 -0.00043141678120870114 0.015489630913109098
163 1304 0 0 0 -0.001162887433355491 0.0036575357363488816 0.005582968164874327 -0.00042006744461236503 0.015574141462507391
164 1312 0 0 0 -0.0010777817743510888 0.0031718875888559475 0.005182253696172924 2.3008621794238257e-05 0.015701889009498295
165 1320 0 0 0 -0.000951415024108933 0.0028679621718579835 0.004830037042819642 0.0005860194325416196 0.015754058364550873
166 1328 0 0 0 -0.0008523437682485311 0.00255160520658182 0.0045530244296639825 0.0008203227017902139 0.015770910542167598
167 1336 0 0 0 -0.0004093739662059719 0.0019876056712343 0.004599477177784005 0.001482362519449652 0.015429312040352524
168 1344 0 0 0 -0.00020917121955243075 0.001848622315450366 0.004981816375383726 0.0019345314276634988 0.015165159142900194
169 1352 0 0 0 0.00025926179370699325 0.0007925037316502735 0.004833136813662747 0.002900233409765276 0.015014204686594115
170 1360 0 0 0 -6.671428465507918e-05 0.0013299850239033685 0.005227717179366199 0.0022189965069366775 0.015154310317515284
171 1368 0 0 0 -0.0005811222681199445 0.0021221836119929404 0.004929139039546427 0.0013637166478710208 0.015557617448078627
172 1376 0 0 0 -0.0007556499588801645 0.0026959146383913964 0.005236458069758832 0.0013064881109161439 0.0154625503090306
173 1384 0 0 0 -0.0011283770258773975 0.003225087938103299 0.005153184378129388 0.0009371744202301255 0.015512421336288707
174 1392 0 0 0 -0.001383160023709751 0.0041228756735535105 0.005619548137668727 0.000128360762771323 0.01573131828788701
175 1400 0 0 0 -0.0012498039790285167 0.003928947108376547 0.005842114066386598 0.0006678058225245629 0.015434055494559975
176 1408 0 0 0 -0.0013803355955146603 0.0038107871419076544 0.005279115370946561 0.0006964636745113249 0.015697276154720472
177 1416 0 0 0 -0.001480069003184023 0.003200988461077326 0.0043844257762656325 0.0007036549842218607 0.01599874864162942
178 1424 0 0 0 -0.0011156311240230622 0.002425788572127701 0.004160336892114418 0.00137529987267402 0.015964018258925766
179 1432 0 0 0 -0.0008302952896470968 0.002831573076325949 0.005349244550655901 0.0018790699142714716 0.015380368163642053
180 1440 0 0 0 -0.0008555713112354688 0.0031106519619908393 0.005527407484662507 0.0018581439530790183 0.015404527472037707
181 1448 0 0 0 -0.0009775786630019797 0.0031319613700618487 0.005035270034942056 0.0019175871564695462 0.015672400691049287
182 1456 0 0 0 -0.0012689313937072468 0.003413177633116526 0.004909624010311228 0.0012344882531344214 0.01581718106371463
183 1464 0 0 0 -0.0012258104697760836 0.0033516749559444384 0.004609714672234984 0.0013576019947639404 0.015890312295301343
184 1472 0 0 0 -0.0013218909838455678 0.003539793997813908 0.004289450015225751 0.001135270619818149 0.016024905389218844
185 1480 0 0 0 -0.0014717306270560857 0.0039202030870803045 0.00401917325196285 0.0008177839904811724 0.016166807958521545
186 1488 0 0 0 -0.0017229951382671817 0.004427235011992858 0.004917368951843713 0.00024642728468588925 0.015920133262709996
187 1496 0 0 0 -0.0018256943060973186 0.003882929351086173 0.0042337383826926206 0.00019236773310183147 0.016170821966496572
188 1504 0 0 0 -0.0019651029993885067 0.004330429298114604 0.004773276648195658 -0.0003912725457347277 0.015981689147032407
189 1512 0 0 0 -0.0021044976697528806 0.00399269606395711 0.004299526706774371 -0.0005459217040623648 0.01617472612219764
190 1520 0 0 0 -0.0023706228240476983 0.004635356505527337 0.004824619647880197 -0.0013094930763691544 0.016196070864036426
191 1528 0 0 0 -0.002474422611719244 0.00530895831144096 0.005766887499586956 -0.00181072998482978 0.01581139922035123
192 1536 0 0 0 -0.0027060272163914423 0.005317822351224745 0.005135087360929013 -0.0019496974198354928 0.016071228244181793
193 1544 0 0 0 -0.0026314770554167577 0.0058487284185905495 0.005384268811314301 -0.0019130439665518675 0.016064700746721162
194 1552 0 0 0 -0.002468004976446598 0.005742147859405002 0.005220727623112036 -0.0015819356434018366 0.016045896314146327
195 1560 0 0 0 -0.0022542592457994995 0.006121517385541067 0.0058218829174849366 -0.0014991301238071035 0.015779195252940748
196 1568 0 0 0 -0.0023142015509069985 0.005767729938071966 0.005426116655856152 -0.0016148135260589502 0.015741848616882458
197 1576 0 0 0 -0.001974328301772182 0.005493192521535358 0.005200115115991105 -0.0006915797553065441 0.01587213207050049
198 1584 0 0 0 -0.0020224306907637582 0.0056277916485888224 0.005001296794799828 -0.0007916823495517493 0.015940171766792462
199 1592 0 0 0 -0.0019495425292349335 0.0050076203091387935 0.004923356793054665 -0.0006734729308900147 0.015829559539555324
200 1600 0 0 0 -0.0019748180192054195 0.004960103214563584 0.0052072921117380004 -0.0007123097536315047 0.015817766852199287
201 1608 0 0 0 -0.0015036812995425709 0.004484028629758508 0.005411637808115797 9.312312821080815e-06 0.015637920774684677
202 1616 0 0 0 -0.0016392981941531731 0.004501831217592263 0.005274123943476156 -0.00044967683488691674 0.015760256401939995
203 1624 0 0 0 -0.0014999864472112492 0.004342728521972922 0.005163239823412568 -0.00031769329631192115 0.015706309693336556
204 1632 0 0 0 -0.0010140606190142624 0.0031723844223372306 0.004443632893519186 0.0008365782081682703 0.01569703816536673
205 1640 0 0 0 -0.0009216419988412421 0.0029973439239397515 0.004659401095542303 0.000742714113922532 0.015494879921857125
206 1648 0 0 0 -0.00039071454323732287 0.0018580213141068849 0.004077863786789244 0.0020749739061228637 0.015438637600467861
207 1656 0 0 0 -0.0007374183549119518 0.0024179086844548156 0.00489830753715444 0.0009886015748672421 0.015086412914133079
208 1664 0 0 0 -0.0009538099731521559 0.002721126787486125 0.004285567633262614 0.0008385193120910377 0.015482944114932604
209 1672 0 0 0 -0.0006957512493239459 0.00310603095642332 0.004817664862782221 0.0012080158426888918 0.01525504574704303
210 1680 0 0 0 -0.0007684907828348052 0.0029375153494983906 0.004262483952016127 0.001416961108525101 0.01547260768854209
211 1688 0 0 0 -0.0006818505446866612 0.0025000163678050554 0.0032139131865384827 0.0019276312850838716 0.01579393381158621
212 1696 0 0 0 -0.0013300961469114294 0.002681354993727364 0.0024034060270022375 0.0009850614047777282 0.016158309931256054
213 1704 0 0 0 -0.0013601941345265539 0.0030963623956357885 0.002517375077080368 0.00119907550780786 0.016279079915505503
214 1712 0 0 0 -0.001639440722357807 0.002792245603039745 0.0017625631238780723 0.0006888183285541304 0.01651436053179738
215 1720 0 0 0 -0.0013129917288692435 0.0015097840632240385 0.0003125296689470529 0.0016728066115542597 0.016923867866583377
216 1728 0 0 0 -0.0015593244364101842 0.0013204072770584426 -0.0011579761308871562 0.0015384922982976728 0.017466499383184116
217 1736 0 0 0 -0.0017789757531462094 0.0013131513452227725 -0.001418280014126481 0.0014732162064262802 0.017625843361534967
218 1744 0 0 0 -0.0020898148057057107 0.0005811901468388675 -0.0038802720997206854 0.0015982807671470346 0.018774516791707913
219 1752 0 0 0 -0.002008999917849624 -0.0006553797805302873 -0.0060703578167567145 0.0025411557264927685 0.01963637876076064
220 1760 0 0 0 -0.0013468864876072884 -0.0009400308649277294 -0.005043106816932886 0.003854484894714838 0.019064869807152787
221 1768 0 0 0 -0.00038788674878788244 -0.0008239375662779824 -0.001954519729377888 0.004977579808953693 0.017554602358971588
222 1776 0 0 0 0.0015275933995564797 -0.0031200098804183563 -0.0012435409681218629 0.008280298125343446 0.01633263368689797
223 1784 0 0 0 0.0023654292359439237 -0.0038928788695378885 0.00034897278178925716 0.00921819381589037 0.015183273713681942
224 1792 0 0 0 0.002245616759491569 -0.0027331008367221543 0.0028185562744565927 0.0073212269237111815 0.013631351678183133
225 1800 0 0 0 0.0025691759894603833 -0.0035900957052230386 0.002723880002325121 0.00861118768612398 0.0133097064419966
226 1808 0 0 0 0.003988089327433229 -0.005699438853921928 0.004280486883127097 0.011047122932127859 0.0124119086077947
227 1816 0 0 0 0.005391130960120992 -0.00638121059203825 0.007737453374882097 0.013216215091949287 0.01092521590191879
228 1824 0 0 0 0.005788878272483675 -0.00583976287772769 0.008163221747832124 0.014761914372985331 0.01102801232219064
229 1832 0 0 0 0.0018654200618979768 -0.004123408161643067 0.0009090549581029905 0.008375107088126929 0.01472897796822858
230 1840 0 0 0 -0.0005328717599781888 -0.0034433384904858765 -0.004251677215704105 0.005325715217016322 0.017720600242907607
231 1848 0 0 0 0.0006703401612335861 -0.002843811051585683 -0.0007901956191709741 0.006698212838784709 0.01630783596722044
232 1856 0 0 0 -0.0015365530239085097 -0.0025953445477097967 -0.0022234922084029747 0.0018758908792710638 0.016435822884717642
233 1864 0 0 0 0.0002480497543972636 -0.004373926937515344 0.0007971648617238801 0.0047442039894204655 0.014657565660513272
234 1872 0 0 0 9.235779263580925e-05 -0.00306947475714497 0.004092064892892658 0.003547500405414862 0.013123067071298336
235 1880 0 0 0 -0.000550843334112676 -0.0002585676801998009 0.008625752288782164 -3.196857174417311e-05 0.01095801063957811
236 1888 0 0 0 -3.1965910956514116e-05 -0.0023260485853667423 0.0053669009970712936 0.0026787826690239575 0.012719710382649666
237 1896 0 0 0 0.00016366194224128963 -0.0008115026267853259 0.007351208936823987 0.0020874197408450503 0.012078459744801687
238 1904 0 0 0 0.0006336576343400913 -0.000590776829142232 0.008167329702974764 0.0033962555482393965 0.011936138843942743
239 1912 0 0 0 0.0013041174039597951 -0.0008308103355695594 0.00971818030204285 0.004066393179034105 0.011094333697445455
240 1920 0 0 0 0.0011847019298604283 -0.0010312326006852324 0.00845272438252873 0.003913566811549 0.01185027783002252
241 1928 0 0 0 0.0014782329699109253 -0.0006234166398512244 0.010122658077402133 0.003786695849766946 0.01098391904723702
242 1936 0 0 0 0.001319438515837881 0.00011166229869846592 0.011495126012954831 0.002851331627235952 0.010594179672766907
243 1944 0 0 0 0.0010547688626566488 5.5215219859444357e-05 0.011646177327780467 0.0016705883693781402 0.010608881167079866
244 1952 0 0 0 0.0029289722288030648 -0.0017567700930097286 0.011824327858512505 0.006289415192271134 0.010243391139882414
245 1960 0 0 0 0.002842527674755986 -0.002438776427048858 0.010242920989979205 0.006213387643671763 0.011035991542392532
246 1968 0 0 0 0.002874059876728845 -0.0019163511382756268 0.010166479135884997 0.006829537489993152 0.011542712353101121
247 1976 0 0 0 0.003298004557991043 -0.00217265477582031 0.010495342082939799 0.007399536649771058 0.011394746757609566
248 1984 0 0 0 0.0023052777185781493 -0.002094674755512371 0.009507459350223506 0.005348481177333283 0.011666990960908128
249 1992 0 0 0 0.002973036194967222 -0.00303946505121147 0.010079229922182499 0.006605392806749225 0.011053940559824114
250 2000 0 0 0 0.0019989608051687252 -0.0024416325128493914 0.0082166666841843 0.0050027368387256105 0.011970243357435783
251 2008 0 0 0 0.0024297358551338853 -0.002644881213312615 0.009161989419924525 0.005329156926650361 0.011362604000112558
252 2016 0 0 0 0.0020768900507492677 -0.001637221027700361 0.009571707920655731 0.004471134631005975 0.011428029084391188
253 2024 0 0 0 0.001698971055680413 -0.0016865080661897299 0.008599197160658819 0.0038944004772179385 0.012014219895264966
254 2032 0 0 0 0.00117082077440237 -0.0020536359068517142 0.008141363903519327 0.0028665435883361476 0.01189955484814596
255 2040 0 0 0 0.0010337928644038163 -0.00267620749002798 0.006646401774090909 0.002975664121326195 0.012697491770483339
256 2048 0 0 0 0.0008702928582802945 -0.0028054801313367778 0.006505013630311068 0.0022930768473155257 0.01247864444677057
257 2056 0 0 0 0.0010952547332324033 -0.002882600526340469 0.007269719953678656 0.0024722137796056075 0.012104601470974023
258 2064 0 0 0 0.001353423588547128 -0.0029292709436347635 0.008082710963787362 0.0028816323491139524 0.011760994673034106
259 2072 0 0 0 0.0012086708422597088 -0.003328723370963001 0.006797288105213386 0.002912916860915395 0.012548152191521594
260 2080 0 0 0 0.0010932058330336053 -0.0030324842270980958 0.007549469971935876 0.002656747687005613 0.012102256968865311
261 2088 0 0 0 0.001385977969450169 -0.002495522717816143 0.008852303907200583 0.003162195955363924 0.011686789264973619
262 2096 0 0 0 0.00144774213103757 -0.0020308857671461687 0.008698581377368383 0.003359363215868434 0.01200260790612785
263 2104 0 0 0 0.0012567022855877051 -0.0017882174000333625 0.009033333896184948 0.0027275821228919524 0.01159806183084508
264 2112 0 0 0 0.001364454774312782 -0.0015743016079820826 0.009265470524501683 0.002739147055761454 0.011442246002851273
265 2120 0 0 0 0.0010194485442502886 -0.0014339127836513021 0.01001264804198202 0.0015093513556266268 0.01076164403413181
266 2128 0 0 0 0.00040859571145060404 -0.0011374135701197597 0.009557038798202862 -2.4686755572252876e-05 0.010754010019994526
267 2136 0 0 0 0.0003470925053873608 0.00011683711060954502 0.011105414607086016 -0.0009715710087352587 0.010126677987934403
268 2144 0 0 0 -8.436039108934414e-05 -0.00017765469525266145 0.010070178615567344 -0.0019898581728200063 0.010296171237302464
269 2152 0 0 0 -0.00011786874633499862 -0.0001210616411768483 0.008026204512428463 -0.0011468410910828158 0.011761322866106844
270 2160 0 0 0 0.0006131745689406344 -0.0007484641010488387 0.010160467488812466 -0.0007343881765356009 0.00984809387780603
271 2168 0 0 0 0.0001577615712926372 -0.0003932131081016532 0.00855115410172589 -0.0013855259562194045 0.010652324137567197
272 2176 0 0 0 0.0005894863896577001 -0.0007038418286922479 0.007413760911813921 0.0003475479800229776 0.011689662007096287
273 2184 0 0 0 0.0014695723923640073 -0.0012002720696591288 0.009074256494687422 0.0025583478287759627 0.011114012805320232
274 2192 0 0 0 0.0026283212127785867 -0.00233657332814553 0.009107342484244663 0.005260773357950232 0.0109504942390625
275 2200 0 0 0 0.0024540385937297108 -0.0015256736874173348 0.008122081396090103 0.006026349559290347 0.012539104790153787
276 2208 0 0 0 0.0030689740264168513 -0.0019807917938774113 0.0074341365626909356 0.007987917289186294 0.01340392645237406
277 2216 0 0 0 0.002938537709734828 -0.002253086965193211 0.005563579418188563 0.008175185681441263 0.014551244591619859
278 2224 0 0 0 0.003987051307596011 -0.0012384617924204447 0.00812682135004179 0.010985416616471254 0.014141665704407216
279 2232 0 0 0 0.0036588312531623287 -0.0007736857195016996 0.005894489897559255 0.010563278932715503 0.015598848966165696
280 2240 0 0 0 0.004426713035500285 -0.0013802167375855565 0.005643165603406679 0.012595833611129346 0.016234690152808023
281 2248 0 0 0 0.004508284971845382 -0.0007503309630738923 0.008718546962252124 0.011947385845496468 0.014338485558551843
282 2256 0 0 0 0.0044305120284306235 -0.0007412234991487098 0.009270721280806953 0.010823990971578783 0.013383811124838513
283 2264 0 0 0 0.004238053183222784 -0.00045129574022101344 0.01228506494568428 0.008002684007840457 0.010341370678608753
284 2272 0 0 0 0.004978387921654754 -0.0011760867108492918 0.012602003547260402 0.009795541130102767 0.010361972145950287
285 2280 0 0 0 0.0033672155972381246 -0.0004035650295322451 0.009792635789118433 0.006076729290294279 0.01155099849817145
286 2288 0 0 0 0.002498532047669264 0.0011447758466171794 0.006600357872582108 0.004472625034313873 0.013917068671289614
287 2296 0 0 0 0.0021683357467659195 -0.00019498607875617115 0.006566725061928299 0.0034788677529704426 0.013101122515596836
288 2304 0 0 0 0.001408539361872875 0.0003358793571177096 0.0060604808058117255 0.002181030431284823 0.013359571230628569
289 2312 0 0 0 0.0023290945691140327 0.000871355354696891 0.008267631075009706 0.0045246220860592715 0.013045741393728974
290 2320 0 0 0 0.002659397030189213 0.0007302385761586577 0.008516845769597554 0.0052468666859473625 0.013210862494477681
291 2328 0 0 0 0.0028538289875458638 0.0006059742531627743 0.008155801409350884 0.006485541384339704 0.013965107830081333
292 2336 0 0 0 0.0029206465361418287 0.0014192595125377923 0.009192684533935016 0.0068608661261575655 0.013920737840818098
293 2344 0 0 0 0.00204536757834163 0.002097126035269981 0.007491701457972911 0.00402317874446781 0.01401667896302923
294 2352 0 0 0 0.0016068466560835678 0.0018174392971525646 0.007585563648881019 0.002225802283407297 0.012954708521944025
295 2360 0 0 0 0.001596246196791131 0.002246535190478852 0.006897601864671891 0.0014902874891820391 0.01298234654985424
296 2368 0 0 0 0.0029255012898929725 0.0011636213241476576 0.009739191350777233 0.004642466601750998 0.011613617247664238
297 2376 0 0 0 0.004000038803220575 0.0007581733620758595 0.010463154510888611 0.008083103252727472 0.012069278236208214
298 2384 0 0 0 0.0033109298456207264 0.0005366232603666977 0.009664914074825818 0.006630189452436333 0.012196253916048132
299 2392 0 0 0 0.004642111428214427 -0.000611943647131979 0.009230287581479861 0.010769834523715084 0.013038988519426635
300 2400 0 0 0 0.004378644112295081 -0.0006393265607229305 0.010091449460961742 0.00918689799618526 0.011690558775057477
301 2408 0 0 0 0.004572031178975322 -0.0008680897825855636 0.009754597991404847 0.010728527955910708 0.01274022872434827
302 2416 0 0 0 0.004708614119416952 -0.0015087125664521683 0.008422711989531494 0.012684151367805969 0.014146712346725085
303 2424 0 0 0 0.004804502995324406 -0.001868405533005296 0.009870920789354918 0.01184764393967869 0.012684367555596363
304 2432 0 0 0 0.005554847498857828 -0.002334920256377293 0.008868357752062782 0.015788888408923667 0.014783856525386208
305 2440 0 0 0 0.00627916548548033 -0.003341926207493844 0.010903977205392682 0.015601425208186913 0.012484029551495883
306 2448 0 0 0 0.005803348855426129 -0.003502077371877918 0.011373082208756394 0.012623662133699818 0.010856438051347237
307 2456 0 0 0 0.005683112289770319 -0.004901211956236435 0.00997889596179716 0.013289800831843621 0.011379484462222964
308 2464 0 0 0 0.005689507019459514 -0.004641520602884493 0.010853992885775382 0.013262239453516787 0.011017895142293165
309 2472 0 0 0 0.004829874673546959 -0.003863824204765176 0.010519728845238097 0.01044854154099948 0.010621866495258061
310 2480 0 0 0 0.003903409726512036 -0.003388440182225674 0.009125303343321544 0.006633326967846522 0.01002376559174878
311 2488 0 0 0 0.004479582808774774 -0.0034934921923818556 0.011983536280792245 0.006669678624371135 0.008018444157634013
312 2496 0 0 0 0.0037317288750546283 -0.0022339813443112526 0.01105627283141892 0.0038439055912739095 0.008045296272190555
313 2504 0 0 0 0.003175430354822929 -0.0020519693818763845 0.01045224700649995 0.0029466765934982094 0.008404909363262117
314 2512 0 0 0 0.002895610414900758 -0.002355253943698371 0.01040652794160808 0.0017883632555462194 0.007811419908882965
315 2520 0 0 0 0.0034627192888323616 -0.003541530254163537 0.010911259912073631 0.0038529916336411617 0.007780947180816273
316 2528 0 0 0 0.002518713022530308 -0.0023484434441589713 0.01172350075590788 -0.00010136521187125878 0.006319588662379579
317 2536 0 0 0 0.002185205378374927 -0.0016458553826077104 0.011812907033448741 -0.0011522718155858108 0.006366099152255333
318 2544 0 0 0 0.0020846610865580045 -0.0013568131330407359 0.011478155825180655 -0.001588412417897468 0.006472815884970844
319 2552 0 0 0 0.0018537494364664335 -0.0015167349610938202 0.011996183106923422 -0.003167742918532389 0.005317866374789383
320 2560 0 0 0 0.0009314821130693823 -0.0006205557254659767 0.012329724425786084 -0.007116931241388071 0.003838765739961832
321 2568 0 0 0 0.0013817704921280246 -0.0009206114278599306 0.012559820551999258 -0.005227262576876502 0.004072071229124202
322 2576 0 0 0 0.0004427447868645684 -0.00042814348048945787 0.01183108577043376 -0.00762278331114245 0.004038355885007928
323 2584 0 0 0 0.00013552930643351605 0.00021126684987495415 0.010336672227694105 -0.006857349219444265 0.0059795429866098026
324 2592 0 0 0 -0.00038067605202558386 0.0015884444372366512 0.008998750160211873 -0.00751783855185982 0.007235468059690319
325 2600 0 0 0 0.0010028909643576684 -0.0003479543927402179 0.00848418354383193 0.00041820870408108054 0.010518613110238719
326 2608 0 0 0 0.0008131852501469635 -0.0013153097318415153 0.011168386543066726 -0.003407757786730494 0.0062675432748189016
327 2616 0 0 0 0.0005961537264075093 -1.1452614641982179e-05 0.010780278617676763 -0.005146882374342755 0.006178355518582142
328 2624 0 0 0 -6.47459446687955e-05 0.0016700709637963071 0.009254297417433407 -0.0058796661322838995 0.007931823332606088
329 2632 0 0 0 0.0016056115884487236 -0.0004649110023264339 0.010809584526351243 -0.0016880469846151875 0.007195916417389006
330 2640 0 0 0 0.001154222032012907 -0.00017647988944164404 0.009741664279744277 -0.0022015539640922433 0.007756555536376444
331 2648 0 0 0 0.00044787280662114627 0.0014930764045991724 0.008087711383566789 -0.0031712308375292605 0.009335687618334388
332 2656 0 0 0 -0.00016760844555132996 0.0035824938210675646 0.006598310882178903 -0.0038878362755079762 0.011402828456276876
333 2664 0 0 0 0.0017264663836217388 0.0029606243860935883 0.00799346409803152 0.0027624012751235345 0.01281350523501444
334 2672 0 0 0 0.0023877881073995533 0.003397081459996435 0.00756128836964622 0.006213770736814112 0.01457551976672105
335 2680 0 0 0 0.0021342778738169896 0.004123301858885521 0.0074176043821164404 0.006794868459021956 0.015895507856090334
336 2688 0 0 0 0.002344707251970718 0.0025671796719859627 0.008874378123990603 0.005239327914315408 0.013430751831478927
337 2696 0 0 0 0.001406451705164975 0.004676487159135623 0.006225284747192066 0.0038578156618037577 0.01581272718162273
338 2704 0 0 0 0.002999827182787793 0.00036994461922032745 0.009502670683517116 0.006489873170739801 0.01239146857519874
339 2712 0 0 0 0.002384187889597161 -0.001602857242369758 0.009234808255416546 0.0024937402013131098 0.009710076001384703
340 2720 0 0 0 0.0024538330376591825 -0.0024357999744501033 0.00727174538101658 0.0036295064311658793 0.011146407954545128
341 2728 0 0 0 0.0004111912232622893 0.001590501292047275 0.0017129918499127561 -0.0002442329658708625 0.015110584049020482
342 2736 0 0 0 -5.5293077104403036e-05 0.00039040773957304967 -0.0002109117518452404 0.000980229161561413 0.016873453983944523
343 2744 0 0 0 0.0013683755250477154 -0.0006787298972833031 0.0003666652721230248 0.008987420632605079 0.019574157182564302
344 2752 0 0 0 -0.002185759386595788 0.001928994242460565 0.0007148150075196191 -0.004972703623010392 0.015301626744200672
345 2760 0 0 0 -0.0004787677460091988 -0.0017655139586486997 0.009713121284616743 -0.007115575479525115 0.006249506766723988
346 2768 0 0 0 0.0009104728497707213 -0.0002642363529543508 0.01019938798076037 0.0007674368585129741 0.009683565584608603
347 2776 0 0 0 -0.0008124872833140131 -4.019322606913059e-05 0.00815342812293002 -0.006322495897980043 0.008362014667081643
348 2784 0 0 0 -0.001262760092721737 0.002739421885674758 0.007451631791801762 -0.006814445041983878 0.009594303127953873
349 2792 0 0 0 0.0002874047077666866 0.0017251959237615066 0.015535050817259435 -0.008368131824742643 0.0024239495106736404
350 2800 0 0 0 -0.00012234450389399037 0.005865909271065561 0.013631869948026999 -0.007531155922288261 0.005742039050203682
351 2808 0 0 0 0.0016216789600823536 0.004992260929115541 0.012180084568850634 0.0009391033483057976 0.009771625607844087
352 2816 0 0 0 0.002644653050437195 0.0051655535338384455 0.013543384773106204 0.003618138074115176 0.009354398068729454
353 2824 0 0 0 0.0011538167104480038 0.0035148653955378874 0.012313940541771425 -0.0023451318298304768 0.006960742513165714
354 2832 0 0 0 0.0012543348921230113 -0.0026923811859598927 0.015103907767403143 -0.006587954622566075 0.00034343083094355575
355 2840 0 0 0 0.002861298372249655 -0.007870165471926576 0.01567621548880546 -0.004746843950734663 -0.002397037379856231
356 2848 0 0 0 0.003779408235973042 -0.0036242236400099697 0.013286923009824356 0.002541612536715446 0.003993791877303889
357 2856 0 0 0 0.0035571503503641208 -0.006410349652387638 0.012927527908967673 -0.00040284596759084705 0.0018195598129454984
358 2864 0 0 0 0.0008311924654565454 -0.0034482984353632964 0.01175914472063697 -0.00939451316933799 0.0005389522819586119
359 2872 0 0 0 0.0016884755271210482 0.002126316707795837 0.011186400990032415 -0.0027869409982526515 0.006221841422863927
360 2880 0 0 0 0.0007769448522553075 0.0002883447577179902 0.013473390002480793 -0.010102224473576771 0.00017245209188893485
361 2888 0 0 0 0.004086463788093963 -0.0005729002161552572 0.018394082760305942 -0.0010314944731467414 -0.0006500311091663968
362 2896 0 0 0 0.006205825930439975 -0.010185161911079599 0.02131408626440386 -0.0008404816879410728 -0.007549063361410152
363 2904 0 0 0 0.004267534502629262 -0.008285626361021823 0.01691298023556392 -0.0022337420652845342 -0.00364323782408517
364 2912 0 0 0 0.003679276106905617 -0.00448843244051658 0.017668839664939262 -0.002930190683126314 -0.0028225147208439227
365 2920 0 0 0 0.0037802134298633586 -0.0063712751317732234 0.016366508927680528 -0.0016479620453583135 -0.001679552657146527
366 2928 0 0 0 0.002454290651198421 -0.001114059607469407 0.015434183226066083 -0.004178915850459341 0.0004197155928961978
367 2936 0 0 0 0.00021394413582487282 0.004939407690266474 0.015874664895949315 -0.011465384476609906 -0.00011918147847578872
368 2944 0 0 0 0.002424533741357791 0.0011276427005145126 0.01564069119037799 -0.005163741707269716 0.0001745849535715792
369 2952 0 0 0 0.004407921867111137 -0.002497618822473912 0.018895277437703077 -0.0015023866540067252 -0.0026540530435848844
370 2960 0 0 0 0.005867993220636611 -0.007258402256829929 0.016608601668756426 0.005853353985626798 0.00010943942123880189
371 2968 0 0 0 0.004026672780555712 -0.005408041119573062 0.013709639056952955 -0.0003337118352943931 0.00019257848583706968
372 2976 0 0 0 0.003165763175757225 -0.006670442308755793 0.009853388906586298 -0.0026521541367835796 0.001312596420272359
373 2984 0 0 0 0.0008345727738600698 -0.00441914275870705 0.006875340502264532 -0.008161086978860657 0.002638262764975463
374 2992 0 0 0 0.0008506596871085696 -0.005300189651987729 0.003908236738410368 -0.007240701755879584 0.004370301686277026
375 3000 0 0 0 0.0011408519076708085 -0.004573533742744103 0.004029465645901278 -0.007499215550640096 0.00414113780508999
376 3008 0 0 0 0.00011898629507984073 -0.0035539189083529385 0.004158771252217891 -0.008442295776345544 0.005133260974354869
377 3016 0 0 0 0.0009673036843791713 -0.003719440907575068 0.006983359585552861 -0.0067696239825386535 0.003880421269716693
378 3024 0 0 0 0.0015357754659294613 -0.0036434850802712607 0.007372514402624109 -0.0029180157978326363 0.005519350838172125
379 3032 0 0 0 0.0017174537006824058 -0.006007661951308984 0.006841271242990639 -0.0007956267639477894 0.006168555416631622
380 3040 0 0 0 0.0009892691744336304 -0.006151519317995726 0.005263319827681562 -0.0007078568204783901 0.007954644344269889
381 3048 0 0 0 0.0011705286120731904 -0.009646199320973159 0.003303169588668285 0.0002172732436347823 0.008213185230882802
382 3056 0 0 0 0.00021700620052165728 -0.00553075433598787 0.00729151215511712 -0.002915852909546624 0.00706080838670357
383 3064 0 0 0 0.0012818561550342507 -0.007960534390430238 0.005884632729499959 0.0004840639426792917 0.007872586620585355
384 3072 0 0 0 9.047142872642584e-05 -0.004133818216610015 0.00356209105826297 -0.0005061407007123744 0.01111192764021859
385 3080 0 0 0 0.0010108060147722346 -0.003591855357068148 0.002823974977946594 0.0006304340519813379 0.011086359579201262
386 3088 0 0 0 5.449798226067897e-05 -0.004005495888171078 -0.000906155296942279 -0.0011083406539004008 0.012602959737734752
387 3096 0 0 0 0.00042026687661916515 -0.00014161844656776848 0.002744769478131163 -0.002567925950699489 0.010477924144643486
388 3104 0 0 0 -0.0006198193346680322 0.003418933643789236 0.0024615554051011937 -0.005199560675301704 0.011313925332971769
389 3112 0 0 0 -0.0009076188493284203 0.0059597410267604334 0.0046287669042284225 -0.007956104581693527 0.00940481518637594
390 3120 0 0 0 -0.0007764682513661085 0.006077271899086906 0.006221836988955291 -0.006777166503535777 0.00947508392421184
391 3128 0 0 0 0.00022599630522765002 0.0016372038130128379 0.006313027840344 -0.001910278770854641 0.010324688188789972
392 3136 0 0 0 -0.0007662894105365243 0.0018347824796040133 0.005068395262964307 -0.005334925584684894 0.010133755555722929
393 3144 0 0 0 -0.0018175281448100473 0.0032236269321012073 0.00396029637743137 -0.010014473562757127 0.008982067971444019
394 3152 0 0 0 -0.0009214363954631538 0.0016458199038159654 0.0035694561492629574 -0.007690699144131026 0.009021958502858144
395 3160 0 0 0 -0.0003525397457392433 0.0009327757932773308 0.00357186054304817 -0.004627647387539024 0.010484265024889602
396 3168 0 0 0 -0.0004728651012990455 0.00026843279228949116 0.0017625911167980985 -0.0044036445690316455 0.011369763368439438
397 3176 0 0 0 0.0003735937269350901 -0.00041071963157786643 0.0026655417533578336 -0.0029866050820383967 0.010480406828452752
398 3184 0 0 0 0.0005507671928665696 -0.0010351783687675186 0.00403049097944367 -0.002877820266035792 0.009769331148910463
399 3192 0 0 0 0.0010844286216716275 -0.003393912726036658 0.00467320960010155 -0.00296644347945033 0.007855323601839189
400 3200 0 0 0 0.0013565006148379916 -0.0027601444286299904 0.0034577492606606016 -0.0006270940793956081 0.010025983189121832
401 3208 0 0 0 0.0004839827731017033 -0.0008575544267308915 0.0053174952605899856 -0.004353123753053103 0.008386009791285277
402 3216 0 0 0 0.0007642709836940656 -0.0016865506539067326 0.0062304365315384875 -0.004431667433691989 0.007237574874296062
403 3224 0 0 0 0.0005892713950564452 -0.0009682756208430574 0.006185089039389019 -0.0054696019900094175 0.006974617203386617
404 3232 0 0 0 0.0013728241631855921 -0.0009520515971794454 0.0072071169707683645 -0.004666856732642383 0.005887179185989631
405 3240 0 0 0 0.0017739115217559579 -0.0013095753718917948 0.007165886975700321 -0.0031002793624400875 0.006572998395111357
406 3248 0 0 0 0.002276159350080787 -0.0022248300949105717 0.008024675365841902 -0.004578512333023723 0.003984523136930157
407 3256 0 0 0 0.001979639180172196 -0.0012795853941909956 0.007459317920671613 -0.0049428299789174785 0.004901545070538103
408 3264 0 0 0 0.003246978567503314 -0.0024207751725905577 0.010315823723742765 -0.0030511877550650534 0.002705849359743775
409 3272 0 0 0 0.0025835478174515026 0.0015175744982836915 0.00956419583367791 -0.0032734160843404013 0.004893335865691547
410 3280 0 0 0 0.0032109261556405805 0.00021039803341732608 0.009236634773720066 -0.0017907816277570356 0.004666829684430021
411 3288 0 0 0 0.003462506823093898 0.0002186929492285032 0.011175406173913466 -0.0020506765530995427 0.003182140425497557
412 3296 0 0 0 0.003058636696866249 0.0006663348432062188 0.008019770171835595 -0.001974124208262826 0.0053520571284324464
413 3304 0 0 0 0.00335078567051146 -0.00023121134309454458 0.007575597901705233 -0.0010935753189828946 0.0052018583482781044
414 3312 0 0 0 0.0033193407249272754 -0.0001324145564233743 0.009373806204556459 -0.0033221678868513055 0.003016176754851041
415 3320 0 0 0 0.0034449447181983295 -0.0012833099505023004 0.009368679200051385 -0.004043001233534084 0.0021062391345417083
416 3328 0 0 0 0.003812228099831485 -0.0005023890864563226 0.010600569289423168 -0.002618370326105857 0.0021996151358905404
417 3336 0 0 0 0.0036542652786089795 0.0001774411349590374 0.009932884700232198 -0.0013765900810166149 0.003764991223425977
418 3344 0 0 0 0.0036060151255068 0.000753478260934658 0.01121797674880552 -0.0017889819003899013 0.0032087926739826148
419 3352 0 0 0 0.0037858989792276853 -0.00022358780316515962 0.009785007403976368 -0.001295780710018675 0.0036988172935665717
420 3360 0 0 0 0.0038596296457778807 -0.00026567543398881417 0.010421753966260093 -0.0016499762963941673 0.0029530867518337976
421 3368 0 0 0 0.0035961092178763013 -0.0006358594394939366 0.00921320051468537 -0.0017462535562130055 0.0036035706335812256
422 3376 0 0 0 0.0036854283463606937 0.00016938578644857887 0.01009609027560464 -0.0013698483966878606 0.003658162549698508
423 3384 0 0 0 0.003648174887701351 -0.00011301496243089067 0.009753040959273216 -0.0012620755153369323 0.00378438432189493
424 3392 0 0 0 0.003523086841034815 -0.000607049437620478 0.009660659204913538 -0.0014095936874777175 0.003766819337933575
425 3400 0 0 0 0.0037174877672472035 -0.0009333905469842002 0.009349485200902237 -0.0005825302386664332 0.004137422874922225
426 3408 0 0 0 0.0037663051606657712 -0.0009214306726389018 0.008862131123831725 -0.00023311370250751263 0.004565290907855408
427 3416 0 0 0 0.0036797834824895334 -0.0006405433511213913 0.008282608549820651 -0.00012216835471317745 0.005069342450169009
428 3424 0 0 0 0.003797559224798871 -0.0012839873760596733 0.008547259115385078 -0.00026999415884096096 0.004480490837188476
429 3432 0 0 0 0.003672003633223187 -0.001402514911765231 0.007608987603410579 -3.484579894425923e-05 0.00516366752018195
430 3440 0 0 0 0.0037094091646414588 -0.0013349665306151865 0.006921585959174296 0.0003768314449920575 0.005666620213055617
431 3448 0 0 0 0.003916184780777924 -0.00139644086423588 0.007615466533284517 0.0007041854177394079 0.005313466627639841
432 3456 0 0 0 0.0037876211975643873 -0.0010519524289438313 0.007570798543754971 0.00043786058442027507 0.005482576347888673
433 3464 0 0 0 0.0038786061367101594 -0.0007351973211958223 0.007678690826204614 0.0004189350866159002 0.0053419172416636265
434 3472 0 0 0 0.0039708277262344525 -0.0013194596405791863 0.007867889522134562 0.0008865415982853994 0.005319925262796192
435 3480 0 0 0 0.004020415112515907 -0.0015169732541774953 0.007718403961476417 0.0009131435189746837 0.005264157183876889
436 3488 0 0 0 0.004066862097997684 -0.0018920525025183021 0.007794749129046965 0.0015493011665835303 0.005513042869604506
437 3496 0 0 0 0.004068980777414936 -0.001363498596944779 0.00762749523751319 0.0014219176806539928 0.0056260041197249986
438 3504 0 0 0 0.004054569857177891 -0.0012156496169058281 0.00806557063656496 0.0007855910761809615 0.005055231092713204
439 3512 0 0 0 0.00407711053732318 -0.00120907269891473 0.007821340454414672 0.0012177671449036434 0.005417614885852
440 3520 0 0 0 0.0040772832921690694 -0.001082632032593506 0.008018828777464328 0.0013457837655527416 0.005482549378966383
441 3528 0 0 0 0.004033271362262457 -0.0012623717351290778 0.007466765920977563 0.0017066131703862186 0.005996792844061531
442 3536 0 0 0 0.004008396745591418 -0.0013380350575001399 0.0076878563671737765 0.0013587918292721087 0.005643976444520754
443 3544 0 0 0 0.004081571295477626 -0.00147881654535653 0.007875365523293203 0.0015721719495468058 0.005569811205291959
444 3552 0 0 0 0.004009175304578043 -0.0014889935548464274 0.007903983099083576 0.0013050818045884055 0.005498120329105756
445 3560 0 0 0 0.0039817710307065365 -0.0015683772527288504 0.008248810551681177 0.0009065155503357839 0.005093291382088911
446 3568 0 0 0 0.004009877088873391 -0.0018828179540269518 0.008849096610642032 0.0005279287228964962 0.004419957446978865
447 3576 0 0 0 0.004034055313053799 -0.0021449850509783347 0.009511528782251784 0.0004504767093172316 0.003992875402232
448 3584 0 0 0 0.004008626811913484 -0.002118026933393527 0.008810194580646613 0.0011568967808577972 0.004839473979044415
449 3592 0 0 0 0.003953991000881998 -0.0022993309654168823 0.00919570558204805 0.0007531668580188176 0.004449194798217868
450 3600 0 0 0 0.003967657317403257 -0.0031588196539341982 0.009512130976317057 0.000590735464235868 0.003932933951392283
451 3608 0 0 0 0.003981703512990696 -0.0025638777987097108 0.00841518863202387 0.0013746409580863215 0.005129499135278859
452 3616 0 0 0 0.003890665500205915 -0.0024005709595422116 0.007631985006996226 0.0020498369789473457 0.006124228664313332
453 3624 0 0 0 0.0039296560861581 -0.0029807938316231287 0.007883682483168774 0.0015417170272135003 0.005414874356684063
454 3632 0 0 0 0.0038115628894765975 -0.002958704636751666 0.007677043701247854 0.0014142707382478951 0.005595387026972633
455 3640 0 0 0 0.003823659861542715 -0.002968998883191071 0.007599355938496638 0.0014829961101938335 0.005671061183488317
456 3648 0 0 0 0.003792218576204303 -0.0034310908351944266 0.007905314717743367 0.0013332779153350037 0.005406836557796644
457 3656 0 0 0 0.003803541843855697 -0.003343542336663939 0.007753503858299911 0.001378393078548185 0.005528699250164521
458 3664 0 0 0 0.0038320903529503263 -0.0036096112401012895 0.007779876220528489 0.0015024014644672682 0.005457379125668556
459 3672 0 0 0 0.003812317863282828 -0.0034679199130947754 0.007539005482567609 0.0012945764421674164 0.00549641931062625
460 3680 0 0 0 0.0038585811769134668 -0.0031407224499287838 0.007650280413724241 0.0014212753308218548 0.005532361746127494
461 3688 0 0 0 0.0039020641583582673 -0.003417872413011475 0.007986070328858064 0.0014002026071733733 0.005215626900999831
462 3696 0 0 0 0.003896292913143391 -0.003295648644005611 0.007597768803059579 0.0017329717467941034 0.0056799245585671485
463 3704 0 0 0 0.003948151826640562 -0.003411841448219643 0.007990643748825367 0.0018416247234342917 0.005490609449194467
464 3712 0 0 0 0.003963377848949301 -0.0035102845809481553 0.008362270064894543 0.0016352508433576766 0.005111352433755934
465 3720 0 0 0 0.003994567415520176 -0.003456714253602938 0.008663896714059536 0.0016123920248791194 0.00490489085851607
466 3728 0 0 0 0.003989489014716731 -0.003639743529499477 0.008365431969520248 0.0017665042195570092 0.005111600930385617
467 3736 0 0 0 0.003973431504019138 -0.0036039331454488593 0.007907139689723463 0.001955797211794575 0.005459125141907468
468 3744 0 0 0 0.003959431721274774 -0.003908664783425137 0.007642554840163223 0.002089336513196599 0.005596928251183887
469 3752 0 0 0 0.003943835002781815 -0.0038217780374951733 0.007517621547483549 0.0019378879167678766 0.0056030355399764335
470 3760 0 0 0 0.0039553536698452175 -0.003551949199843875 0.007743322468954284 0.0016543007551196348 0.005368268127355644
471 3768 0 0 0 0.0039730091880868686 -0.0033601400968266627 0.007975572243110284 0.001684812926602462 0.005312109832893503
472 3776 0 0 0 0.003981537287132726 -0.0032475844390036854 0.008173497869314452 0.001532740911363894 0.00513550056556659
473 3784 0 0 0 0.003968283034830492 -0.0031460420848008048 0.008280029991900108 0.0013841978414627393 0.005020525427064973
474 3792 0 0 0 0.00393065550584424 -0.00295179855731908 0.007677605855446381 0.0016311513870521316 0.005566924049008294
475 3800 0 0 0 0.00394212810425516 -0.002762647829750631 0.007516877720289736 0.0016969876123806144 0.005725492768254551
476 3808 0 0 0 0.0039064848381559925 -0.0026160528073227184 0.006802276892723578 0.0019617075126644686 0.006302628521578883
477 3816 0 0 0 0.0038640939499919816 -0.003125232810687358 0.0071360965246317016 0.0016531240777012375 0.005860899973122307
478 3824 0 0 0 0.003918117927580699 -0.003506236722571905 0.007424902222558171 0.0017170501079924003 0.0056096492629391865
479 3832 0 0 0 0.0038591823891394603 -0.0036739965994070905 0.007123167251526994 0.0017006907711411886 0.005783692454683625
480 3840 0 0 0 0.003797687264650175 -0.004136155100077132 0.006844506559519169 0.0017639490117527601 0.0059290924035924715
481 3848 0 0 0 0.0037747412269935675 -0.00407630955197654 0.006204322913746562 0.0020565301761998034 0.006462588178114823
482 3856 0 0 0 0.0038423535715646708 -0.003739444469167444 0.006712560299278232 0.00200884165929626 0.006191482624187461
483 3864 0 0 0 0.00386488100594999 -0.0036387345012821436 0.006755151056756777 0.0019672616917847186 0.006141483345685376
484 3872 0 0 0 0.003874306077952905 -0.003990075659145744 0.006785523813802464 0.0021986664269224615 0.006207138330331713
485 3880 0 0 0 0.003924839546933361 -0.0037063444762074392 0.006791492819677072 0.0022865241289758836 0.0062773567569484766
486 3888 0 0 0 0.00391267622839642 -0.0033146923501078613 0.00673886719937323 0.002101391146150097 0.006279632331510553
487 3896 0 0 0 0.0038929338806381383 -0.003832088274835127 0.00709742338217511 0.0020644299837739885 0.006018528137213401
488 3904 0 0 0 0.0038534300453475227 -0.0037490647092242053 0.006743958374549598 0.002183156692801668 0.0063167387957597226
489 3912 0 0 0 0.0038565627868176163 -0.003911070882701233 0.006888309306173294 0.0022163049471000296 0.006230922838364094
490 3920 0 0 0 0.0038287608248425437 -0.003676179949858395 0.006544958042813556 0.002353566818221126 0.006574403030095832
491 3928 0 0 0 0.0038054388747388 -0.003677921034853291 0.006460426745515384 0.0022991032634394077 0.006616697732072465
492 3936 0 0 0 0.0037841633530654706 -0.0036478797781682205 0.006505229811152633 0.0022106871742509104 0.006588720218209695
493 3944 0 0 0 0.003812775745526864 -0.0036080725586908825 0.006228613608656745 0.0025094738707125194 0.006890981225355882
494 3952 0 0 0 0.003773432252949106 -0.0035752857681822015 0.006229725077989391 0.002390241937407481 0.00685087883822329
495 3960 0 0 0 0.0037478013742840194 -0.00378216725247726 0.006341990009960239 0.0023163706529463644 0.006734168548350488
496 3968 0 0 0 0.003752396821870237 -0.003742448730395145 0.0064546332485618495 0.002375196441933999 0.006756963565236563
497 3976 0 0 0 0.0038203117050983424 -0.0032739625044530605 0.006303936084098557 0.0027052978598680966 0.007069479139585123
498 3984 0 0 0 0.0038118042593511684 -0.0032858460672288902 0.006484870922945508 0.0026591713671013633 0.006954325429451217
499 3992 0 0 0 0.003838026296855595 -0.003286756942267235 0.006651241094723519 0.0026484695632395046 0.006820418517883743
500 4000 0 0 0 0.0038602896846729397 -0.0027861485435139175 0.006680028642859273 0.0028416199703657757 0.007027141494641156
501 4008 0 0 0 0.0038841473171013045 -0.0024496408547276857 0.006590314579871315 0.003041002653154374 0.007286233816507728
502 4016 0 0 0 0.00390160132509598 -0.0023375758266500394 0.0065246855327304966 0.0031782958869269666 0.007401804271713786
503 4024 0 0 0 0.0038730388428631643 -0.0023518715837917807 0.006455331187157367 0.0031642373982292632 0.007444714382692743
504 4032 0 0 0 0.003870640452022628 -0.0019904125607204384 0.005913325739097749 0.0034927700606359443 0.007995024043379878
505 4040 0 0 0 0.003859630460733485 -0.002557805792115476 0.006293640576815795 0.00293498916590486 0.007311879934854002
506 4048 0 0 0 0.003916071278435088 -0.002188433886535104 0.006065329255407933 0.003196744008033647 0.007614689444479941
507 4056 0 0 0 0.0039010670932111123 -0.0024850020924680753 0.00584343385482875 0.0030610523293838785 0.007582397801071132
508 4064 0 0 0 0.0038159551379934767 -0.003330603920833624 0.0063153679289440524 0.002477034420384128 0.006864088503547367
509 4072 0 0 0 0.003832751504834758 -0.0028953703871740953 0.006336489948580607 0.002510480779175231 0.006927505737256191
510 4080 0 0 0 0.003828588981329439 -0.003273181741803037 0.00637347447585991 0.0025162315855013057 0.0068329410058858234
511 4088 0 0 0 0.0038488403595959867 -0.00272908922079468 0.0060029367706715304 0.0026616086742245132 0.007202070917443913
512 4096 0 0 0 0.003833373782237141 -0.002741400030528958 0.00593817266647958 0.003013858943322933 0.007513241217663619
513 4104 0 0 0 0.0038642943045675364 -0.0022623753368624616 0.005777707818986835 0.0032749556436470154 0.007834224161287937
514 4112 0 0 0 0.003905219059124683 -0.0018181280201698168 0.0054738849968665486 0.003497275529924232 0.008164842429604153
515 4120 0 0 0 0.003932410199661143 -0.0012286448066635206 0.004694428370670181 0.004080370412304593 0.00903739207409469
516 4128 0 0 0 0.003844279265944331 -0.0018745549404169102 0.004616857567627424 0.003739581389973586 0.008809680040559202
517 4136 0 0 0 0.003834025251823541 -0.002314646614525236 0.005146736971522123 0.0034350812611393445 0.008264477444017378
518 4144 0 0 0 0.0038756904216259162 -0.002369287008283854 0.005226171669588439 0.0034343348915235154 0.008157925481801413
519 4152 0 0 0 0.0038607634647592312 -0.0024062173645681365 0.005444116219937623 0.003376224689675043 0.008019149499861062
520 4160 0 0 0 0.003864460501705015 -0.0025409201908577848 0.005769219406388341 0.0031965355819677495 0.007712244900410576
521 4168 0 0 0 0.003895108605473447 -0.0021649394709423683 0.006018261158863779 0.003219312794486895 0.007647340157715254
522 4176 0 0 0 0.0038907643647967997 -0.0024563867439999876 0.006046548157598606 0.003154482457642859 0.0075326095041125295
523 4184 0 0 0 0.003826953505055127 -0.0031923253159613124 0.006165062069465931 0.002839639996485366 0.007169325634308291
524 4192 0 0 0 0.0038153838657372908 -0.0031597465835633306 0.006311266503008277 0.002778215371678135 0.007072688661123348
525 4200 0 0 0 0.003809374808168714 -0.0032826475762059043 0.006227781352384408 0.002822402147076711 0.0071265994924933984
526 4208 0 0 0 0.0038104385407826897 -0.00300247199970054 0.0058190927823052975 0.0031946915669648687 0.00763575740815848
527 4216 0 0 0 0.0038018981317740957 -0.003105185437160307 0.005716006210769642 0.0031895451202003633 0.007674883735733857
528 4224 0 0 0 0.003800625128696611 -0.0030830924848238342 0.005847499352106369 0.0030037400422033 0.007498461658572766
529 4232 0 0 0 0.0038248264793298713 -0.0030079318777108516 0.0059576678332138025 0.0029529377538681525 0.007397842305492118
530 4240 0 0 0 0.003837641146669844 -0.0028645143131080294 0.0057976372489139455 0.0031041393828806353 0.007594711992246799
531 4248 0 0 0 0.003832582901374163 -0.0029805616476840484 0.0059175120089091345 0.0030972018097873985 0.007507810580737286
532 4256 0 0 0 0.0038495623156979885 -0.002691124811188507 0.005722285812143643 0.0033114951858305786 0.007792625001786091
533 4264 0 0 0 0.0038533974970631577 -0.0026372940870663824 0.005702040994019893 0.0033264544795094386 0.007817393503343529
534 4272 0 0 0 0.0038738439431397578 -0.002408220997871991 0.005762270680808282 0.0034208030771008466 0.007879447455574213
535 4280 0 0 0 0.003882427025893709 -0.002262111057678768 0.005772322566757775 0.0034404710833746683 0.007908653577925225
536 4288 0 0 0 0.0038823278529847766 -0.002293042104507179 0.005796482749972025 0.003435260406404939 0.007885649263239853
537 4296 0 0 0 0.003852108120948866 -0.002643548219957292 0.005722125648013423 0.0033506264265016255 0.00781996261308031
538 4304 0 0 0 0.003877694891334566 -0.0024494864869459556 0.005779370436180155 0.0034364115846057114 0.007861609618672136
539 4312 0 0 0 0.0038951602874449016 -0.0022706609913991605 0.005857903957466519 0.003448515969904282 0.007853534407879652
540 4320 0 0 0 0.0039060542854914976 -0.0021895455068201603 0.005900943010729933 0.0034416476280565243 0.007827470533035364
541 4328 0 0 0 0.003892325297116842 -0.0023764353826318707 0.0059194723471516116 0.0033998603338808403 0.0077686602400918485
542 4336 0 0 0 0.003877531847049005 -0.0025112242881665204 0.0058924270836528255 0.003375111606017636 0.007756286164455569
543 4344 0 0 0 0.0038866192111458534 -0.002442503900352727 0.0058860838233842395 0.0034393602639288226 0.007805475974736209
544 4352 0 0 0 0.0038984387805028856 -0.0023341656437875103 0.005891251107544925 0.0034742553478080535 0.007835251485478197
545 4360 0 0 0 0.0039034463042165028 -0.002304685459159685 0.005892271099212137 0.003531195674590363 0.00787216479580247
546 4368 0 0 0 0.003914932874740821 -0.002111792331924085 0.0058164106384826445 0.003613450731120494 0.007998071245768214
547 4376 0 0 0 0.003924304533904138 -0.002064254485856005 0.005874936255596773 0.003598801770413595 0.007958125132609996
548 4384 0 0 0 0.00392061204313708 -0.002119831872839305 0.005875850200082409 0.003565322472467847 0.007928141193660799
549 4392 0 0 0 0.003908857601049144 -0.0022204639136737497 0.005840164067033039 0.003526776836114203 0.00791123875375192
550 4400 0 0 0 0.00390696656058761 -0.002241682499051194 0.005870848271093689 0.0035299540497144358 0.007896179630419315
551 4408 0 0 0 0.003910132492301519 -0.002225595129202331 0.005896020698643411 0.003512509802532941 0.007871834825816085
552 4416 0 0 0 0.003906765160801667 -0.0022566152861237232 0.00590411219371079 0.0035009955045540875 0.00785749621298542
553 4424 0 0 0 0.0039114795559188 -0.00217131961798983 0.005897341668358617 0.003548846526576196 0.007908345456632644
554 4432 0 0 0 0.003916520389260208 -0.0021194069130299124 0.005888407240716826 0.003582405013786541 0.007942343169922166
555 4440 0 0 0 0.003921035081236723 -0.002069411374860475 0.005888669093483796 0.0036153638220022904 0.007970150968576626
556 4448 0 0 0 0.003917104469134665 -0.0021657878987684136 0.005930047322191728 0.0035249034942668716 0.007871201074797508
557 4456 0 0 0 0.003916384718208109 -0.0021989535330297406 0.005911785805371349 0.0035295962465173546 0.00787800322888588
558 4464 0 0 0 0.003907276745916789 -0.002284357198204073 0.005896379318772216 0.003513751181821656 0.007867833474346901
559 4472 0 0 0 0.003903378413657064 -0.0023372001391770247 0.005917849602767667 0.003477388627859228 0.007822608390755778
560 4480 0 0 0 0.0039005526409733723 -0.002376556479442635 0.0059062849844154 0.0034842691647752615 0.007828889886898626
561 4488 0 0 0 0.003888126525306891 -0.0025104309970181656 0.005893435295003741 0.003429902113378499 0.0077850159559585755
562 4496 0 0 0 0.0038890695302967585 -0.0024805097913066813 0.005890714419487231 0.0034474820434312317 0.007802088461185329
563 4504 0 0 0 0.0038986971429553017 -0.00242456303882589 0.00590795838259645 0.0034293857296323576 0.007782231468719071
564 4512 0 0 0 0.003911773938400736 -0.0022869702412255262 0.005885680176550757 0.0034700535766713555 0.007835021851957964
565 4520 0 0 0 0.003905610256338377 -0.0023707058752931677 0.005882267333609361 0.0034476755057501747 0.007810380348906444
566 4528 0 0 0 0.00392044803254131 -0.002177451665373255 0.005855123902772527 0.003551895082025606 0.007921326440579112
567 4536 0 0 0 0.003919879316032019 -0.0021518342454375367 0.005853602630808603 0.0035473213871990246 0.007926368955256283
568 4544 0 0 0 0.003908446427354942 -0.0023040697317425673 0.005872402025499443 0.003475416978242969 0.007846274760819505
569 4552 0 0 0 0.0038968880789839126 -0.0024583495077706726 0.005905101749937161 0.003388892938253363 0.007750143815973016
570 4560 0 0 0 0.003900979656856655 -0.002414040020230133 0.0058870536885006035 0.003426932690413709 0.007789216791650296
571 4568 0 0 0 0.0039107524625153186 -0.0022703862944081516 0.005894342708320587 0.0035010058907070218 0.00785825633216427
572 4576 0 0 0 0.003907144265321996 -0.0023030342137416284 0.005902096205026616 0.0034935746328791004 0.007845636233429074
573 4584 0 0 0 0.0039062429317767234 -0.002295536363401662 0.005903882645218144 0.0035088430945928485 0.00785873812655988
574 4592 0 0 0 0.003908163622656447 -0.0022785201229931318 0.005895228385054227 0.0035064949157464927 0.00786299896192917
575 4600 0 0 0 0.00390843535146322 -0.0022624016026544956 0.005887701081152418 0.003514240025914804 0.007875587823157157
576 4608 0 0 0 0.0039015468989526832 -0.0023336798410695248 0.0059039804245299065 0.0034854998448802356 0.00784035745425809
577 4616 0 0 0 0.0039041009542423555 -0.0023207688845075913 0.005907928347720737 0.0034783351069730063 0.007832193741953996
578 4624 0 0 0 0.003894604959274092 -0.0024494680682653905 0.005931731231554509 0.0034012407941942067 0.007750326798198688
579 4632 0 0 0 0.0038881572346813483 -0.0025112377714217064 0.0059452689311498726 0.0033716040670869426 0.007717974884844345
580 4640 0 0 0 0.003883043178964781 -0.0025812954974810906 0.005974927434902977 0.003325531715044133 0.007661392400156828
581 4648 0 0 0 0.003877495257921246 -0.0026480792593566622 0.00597124019332098 0.0032912522367151663 0.007631475668309675
582 4656 0 0 0 0.0038767881068576286 -0.0026360443109325828 0.00596666720915016 0.003299698817756895 0.007642542753802122
583 4664 0 0 0 0.0038838813105245185 -0.002543565393539996 0.005928758032250202 0.0033642986366843575 0.0077175674607245694
584 4672 0 0 0 0.0038752246940362283 -0.002632263084051151 0.005945911481491267 0.0033123123704672714 0.007663088299773711
585 4680 0 0 0 0.0038809758493338264 -0.0025483366279738994 0.005945648243303489 0.003384640981474906 0.007726864250196295
586 4688 0 0 0 0.0039006895092088233 -0.0023310707955101623 0.0059028576781639565 0.003519531645283534 0.007866277568949833
587 4696 0 0 0 0.003889258350792006 -0.0024627255843449616 0.005923271011533554 0.0034158125937788076 0.007768048915113812
588 4704 0 0 0 0.0038847847416934125 -0.0025172171962425933 0.005964881178389387 0.0033675305706822836 0.007707033297257748
589 4712 0 0 0 0.0038858371008090786 -0.00249171817212678 0.005967924583941945 0.0033706789851179492 0.007711580269430698
590 4720 0 0 0 0.003897962017722324 -0.0023554442320513273 0.005927055029454215 0.0034595366560190312 0.00780936981456492
