% # columns="iter, evals, sigma, 0, fitness, xbest" seed=5, Wed Sep  8 14:19:09 2021, <python>{}</python>
1 8 0.4171612884178991 0 3.8516452049743917 0.7182181412645535 -1.3659047571271579 0.47931072355502113 -0.5644463378317219 -0.9600263697446008
2 16 0.39129613675314984 0 2.61945338100011 0.3604010068904726 -1.030681129715475 0.6060296089809303 -0.9464292496866034 -0.4049181782122686
3 24 0.39366266222814594 0 1.957177549808425 0.632971729806145 -0.989565906472124 0.14369876927767555 -0.657703217757536 -0.3527741515886296
4 32 0.4919123653594628 0 2.2778589350184855 0.8957479566615063 -0.18745596939298692 0.3639714829738619 -1.0954733557579708 -0.32785229250760556
5 40 0.521965291013376 0 1.4101109540283476 0.7642049416163024 -0.06129827963743478 0.44528209389642526 -0.6890087755977101 -0.38665748748465034
6 48 0.4966234314196329 0 1.121311351838928 0.9475241445260923 -0.38582964777184503 0.12311319362456247 -0.2057493378654469 -0.1272463016713726
7 56 0.4618872750642555 0 0.6202144121608257 0.6038770051018084 -0.25507151265418815 0.0304105236360787 -0.3468267949677961 -0.2644182234215719
8 64 0.4358897618729731 0 0.3916283592902791 -0.017970742178173293 -0.33624669037832405 -0.12334463519826999 -0.284403678861218 -0.42662096226903934
9 72 0.3560751657199978 0 0.6683527359249883 0.4734739667969781 -0.540548035247137 0.1033512141692026 -0.22843158192113686 -0.2989974695284075
10 80 0.36850320850199964 0 0.14533899601307693 0.2589949555686944 0.04983106336492421 -0.018829155846676687 -0.16007690229992 0.22339368914491686
11 88 0.37997408649121195 0 0.20371995788697594 0.32124535265715354 0.04914617858514489 0.00334664096883093 -0.010064431231451287 0.3119506133131381
12 96 0.3723196748092025 0 0.060369699909025826 -0.021099291238638268 -0.054239605739011904 -0.029392482508400403 0.08139985005625247 0.2220478126214971
13 104 0.3351861493133436 0 0.2097041027712881 0.09293469358197327 0.027234190545072656 -0.2640853205470242 -0.2406977415046677 0.2691637377168744
14 112 0.29484689484148235 0 0.09699609774468479 0.09622147100766987 -0.11560250317078327 0.10916537254216874 -0.06685127170927876 0.24082604172018254
15 120 0.292009573160243 0 0.06591025206543233 -0.08365765419461131 0.030382129275882658 0.0758968868235601 0.20401225369082385 0.10449426960660108
16 128 0.28943293192269937 0 0.08128510130650758 -0.23639218341744025 -0.06415472135761671 0.01832351959234231 0.14211580122908424 0.02670922609935819
17 136 0.2623651833431089 0 0.10300444288617851 0.02769181495679704 0.19073038063104053 0.030603268477980592 -0.09178902383872989 0.23755784296892735
18 144 0.24485409121734292 0 0.04389843913058454 0.07415852629490553 0.055018414910451105 -0.04790432546970919 0.1706344003429706 0.06362213100864683
19 152 0.20963272257763127 0 0.059999761722156986 0.10772230866449571 0.08787831088263107 -0.1531708620152884 0.0711460273673545 0.10813275361608897
20 160 0.194939118916011 0 0.03804209320705115 0.04018540529260135 0.057065235228803676 -0.10281205175496323 0.13795557524114166 -0.05498038099881114
21 168 0.19120877757874993 0 0.06509315350901541 0.18371729980564197 0.04138981984272452 -0.029965104440129963 -0.06756909072110612 -0.15538102923916616
22 176 0.20844674215482464 0 0.03280410019143002 0.03003761835058001 -0.007147208520671404 -0.038968955356442236 0.007522909889723359 -0.1755678011901508
23 184 0.1946410898193542 0 0.04531909625438226 0.09206360141179021 -0.12474512537685117 0.017614055013736737 -0.13174898817921218 -0.0627188277931375
24 192 0.17141728003707435 0 0.002218831993318594 0.04331654929376076 -0.02514714076973633 -0.005285727139841975 0.02490725652262009 -0.007691635049315082
25 200 0.13633610099207066 0 0.0049479939574444635 -0.006580121776466788 0.0035841356144183135 -0.06142168861235025 -0.007553637043743372 -0.030208540209741792
26 208 0.12578613800949784 0 0.006312864620464867 0.01825387452456948 -0.0032423464979682492 0.01848184799408581 -0.006577543513982605 0.0782711609849275
27 216 0.10676109921038984 0 0.003159075999760655 0.04239670386024093 -0.02061561986635036 -0.030111227240225514 0.014796834475118942 0.01518371169029908
28 224 0.09166109538958418 0 0.0072769844523087185 0.03963254565533311 -0.00912095610401071 -0.039728702867099244 -0.013751189365199833 -0.06688699886096329
29 232 0.08026183839244729 0 9.953021794122715e-05 -0.0009381927536656551 -0.012072724075660408 -0.008789424060017925 0.016197862296085004 -0.024708964460473517
30 240 0.07187533274112988 0 0.000984874427368359 -0.012356268702529906 0.017023445201873922 -0.02104630240336221 -0.010021763660072536 -0.0010610271775350483
31 248 0.058208203388858015 0 0.001107323561766612 0.020527972933092116 0.02179364661651456 -0.012027575000991157 -0.002228557148114211 -0.010661528999361451
32 256 0.05636289697823455 0 0.0005374224775358638 -0.0011307913388279855 -0.01249382968802318 0.021744347348968115 0.02181940173539898 0.010719173871588758
33 264 0.054337958513444015 0 0.0006034519466664851 0.019440055856236663 -0.004971291949424512 0.02160717807848805 -0.008197982339991243 0.008674236391219364
34 272 0.05084650677103202 0 0.0019915425864829735 -0.01600134126667585 -0.0166467097235484 0.0367316927128222 -0.006546299784824922 0.007678021780826495
35 280 0.04626829377784369 0 0.0015989972152718197 0.018139880766240943 -0.005690614110615744 0.03505951084721628 0.007336231581451772 -0.014635773814546647
36 288 0.041070914858420744 0 -0.00026065977214469443 0.017231063584566646 -7.094997080699453e-05 0.012110892917920882 0.010607251790788086 -0.004641606560168845
37 296 0.039991248286071944 0 -0.0005345496541970686 0.007955315397389324 0.004754220599999189 -0.002274056340210341 -0.0020344372082060948 0.004343650676049178
38 304 0.03593837831009335 0 0.00036154820150239913 0.005258164996768105 -0.007811737490282057 0.0018678117493241123 -0.009647772751845671 0.019073549470287623
39 312 0.033121082787997976 0 0.0002817556462809359 0.014074123082311051 -0.008383022146898844 0.010932885739825057 0.016288051220127844 -0.0001754890182428092
40 320 0.03152740716807714 0 0.00043223282730560174 0.006606585989268278 0.0011411833020510053 0.011289828485810956 0.01062456756878223 0.015362020567229575
41 328 0.028204496017340295 0 -4.992065492796463e-05 0.013163088466369705 -0.0028948376300351065 0.0036793174981391494 0.004742931494535531 0.0035610974563377393
42 336 0.024394465265671655 0 -0.00018454291319467694 0.008910442881740935 -0.005198241852050962 0.012352789480882703 -0.001967493095418594 0.0009117140933110795
43 344 0.02598681192433883 0 0.00012030922552971584 0.011338315125687849 -0.005674433319041653 0.012624287469835637 -0.002374339476105951 -0.00531581228788475
44 352 0.023368160323584124 0 -0.0002367639772350626 0.017625708258241883 -0.0015261465652059375 0.007299529097808226 0.006817858202651614 -0.00030962333386983605
45 360 0.021716196455981673 0 -0.0005589213210539946 0.008914142137060124 -0.0004240667797038586 0.009588737969297318 -0.0060598412104940534 -0.0024619788145815473
46 368 0.022598502545883355 0 -0.0003904634801531918 0.014358284564258705 -0.016756845228775928 0.015003386425873209 -0.007003580940380455 -0.013570080136770201
47 376 0.022911477593638967 0 -0.00012136581471188185 0.007694860196546703 -0.014925634112958662 0.007236049658826643 -0.0039372989173696695 -0.0006258696895238948
48 384 0.020047632528607005 0 0.0003301644571408709 0.006120970188721321 -0.008093238788843535 0.010403302128970865 -0.002538174117266871 -0.0010327238041214766
49 392 0.019233464408354408 0 -0.00026632604042391053 0.004400315253725173 -0.014497471940009929 0.019697575942665732 -0.011055636615440153 -0.0070525496877625014
50 400 0.018141437258774172 0 8.195516775170953e-05 0.004710132816204685 -0.020316411391236355 0.012235438555580628 -0.017164654241814487 -0.00621123895518929
51 408 0.017506984345753294 0 0.0003507220080186589 0.005225588006846714 -0.011119524763959537 0.007546453870265827 -0.01683001789390563 -0.005988523491200561
52 416 0.016693523951783425 0 0.00011750374937587519 0.0021234724263313673 -0.011452737404153153 0.01047665696414062 -0.012250258280536401 -0.0008007269416344534
53 424 0.017258389944978778 0 -0.00018277604641260545 0.004495942504329687 -0.0053020879483033165 0.0095079076137855 -0.005734130132034944 0.0023545444784936016
54 432 0.01590398606775255 0 -0.0006777159909112446 -0.003480284972632131 -0.009201003820880682 0.014619050415319289 -0.0026201597415335454 0.0020712579977990937
55 440 0.016086471170215378 0 -4.4593590428380556e-06 0.00016358335723595015 -0.012524330441719717 0.015312735615235776 -0.008924368483813538 -0.005672176776727062
56 448 0.01585106405422471 0 -0.0008738784291277714 -0.0027015874474386283 -0.010198471033575138 0.013993268412191404 -0.007568165050553338 -0.005525657500568354
57 456 0.014758870147486001 0 -1.7343844141981806e-05 -0.002682982522931448 -0.007841391287328693 0.017195860831981224 -0.000993036782687533 -0.0012307722294239774
58 464 0.014103447163819909 0 -8.236999699716771e-05 -0.005197457295343217 -0.0035256093779862906 0.010384069444814821 0.0008391068529276556 0.0037105536030224116
59 472 0.012912266055154544 0 -0.0005634518737927328 -0.002586501167915211 -0.0053519005696728615 0.00688129011877061 -0.00634965161530027 0.0016608133381636316
60 480 0.013847897467164685 0 -0.00031545504961710114 -0.009890237581767589 -0.00472373774631182 0.009696869160649556 -0.0011563328429278806 0.00392675002153932
61 488 0.012153959759981086 0 -0.00037262326536590697 -0.009753630310768003 -0.005182159086424113 0.008715093414101564 0.0002332106930791559 0.004072285827098002
62 496 0.011102923796148774 0 -0.000662728096161691 -0.0066698725967914395 -0.005508220434556663 0.010535222104786237 -0.0015955071262343508 0.003194149566472218
63 504 0.013434086875963288 0 -0.0007849325261466865 -0.006394603633336056 -0.007252591083384351 0.004805134176370208 -0.003553632590068717 0.007611243048277922
64 512 0.016556014230232268 0 -0.0010489636368163713 -0.0033275827954962894 -0.006608102903231762 0.005090761532103498 -0.004376741469309009 0.010114760504543154
65 520 0.019725849663663635 0 0.00011506366123848014 -0.005176724379104111 -0.0018680752111117837 -0.002046272069963751 -0.005149435237867272 0.014809207664008898
66 528 0.02048869267879817 0 2.7651578306674368e-05 -0.000607764027073702 -0.000597556532601567 0.0014841084980328533 0.0028878319831192514 0.014399995224338984
67 536 0.01920991836470723 0 -0.0005138528976191992 -0.004095189770836581 -0.00770863319235814 0.0011642023394381731 -0.0020971766597225965 0.012386138246174919
68 544 0.018654469490346305 0 0.0001300613987630689 -0.00900946170613226 -0.0017928924126259993 0.005640553191408962 7.505769555709923e-05 0.015031099622506108
69 552 0.016722669889081523 0 5.504265231141988e-05 -0.008655533676984007 -0.008861676558559713 0.0030291145085254313 -0.005313008043416577 0.01215907515779687
70 560 0.016672435218541747 0 -0.00020905858458062032 -0.004621621472698547 -0.0036661701501615514 -0.001788437075411535 0.0012240155188794882 0.018210715971436413
71 568 0.01501219581156641 0 -0.0007845017648132066 -0.0033353461566980012 -0.005501905089448354 0.0008002297711767982 0.0011155780436609732 0.015202447268911713
72 576 0.016517646221044853 0 -0.0005793864646188517 -0.006773466308420433 0.0006544881129473389 0.005588257117227442 0.0017425195680296436 0.011163389052890365
73 584 0.015944325514687108 0 -0.0005412098222344546 -0.007119882331775389 0.0015094362542859927 0.004318887410516787 0.0005800668320026158 0.013367838517590514
74 592 0.014668210879148123 0 -0.0003016696517520107 -0.00047965594857672916 -0.00153041875661838 0.0019692225981638315 0.006640425374677622 0.01543089399595526
75 600 0.01407439067938546 0 -0.00031944169019824833 -0.0004538812458157429 -0.00807722001248874 0.0008314320520376544 -0.0012606055484393483 0.010802999987785843
76 608 0.013771683682475553 0 -4.694216324517794e-05 -0.0015174668562768286 -0.0059577559972773956 -0.0019934641950385083 0.0019927186082084893 0.013468189886991416
77 616 0.012880748747875682 0 -0.0004875327710166176 0.0023122793029554255 -0.0013413595356007494 0.00063063262274474 0.002212621295314624 0.01438045284703647
78 624 0.012186517270767949 0 -0.0004943790128991219 0.0010400134832237707 -0.008072152233477552 0.002919130389316722 0.000728612075686968 0.0126111635129996
79 632 0.010668736737484275 0 -4.82534353602594e-05 0.0003274300844580829 -0.002317708820009428 0.0025894101875057205 -0.0006250791127071042 0.0142509448990661
80 640 0.010945241684781221 0 -0.00034671094822785764 -0.0019577905461076817 -0.003119095504527877 0.0020598941928536576 -0.0016382793177666818 0.013561133129241195
81 648 0.011970114560873853 0 -0.0004651807518543648 -0.0027214486889261874 -0.0031451841762845712 -0.0006036411657373885 -1.1544719408727302e-06 0.015894153404977965
82 656 0.013057993234112312 0 4.6722127499349367e-05 -0.002840458384261413 -0.004884840360338522 0.0004776463692231616 -0.0033309409237826833 0.01805047491015941
83 664 0.01395133132037775 0 -0.00021679203824724255 -0.008270243808837096 0.0009132445419020511 -0.0018435424923375183 -0.00496954771711872 0.018889354546642867
84 672 0.012287519219529176 0 -0.0005007263661841375 -0.004106522407122632 -0.004621284926671545 0.0008641021688501696 -0.003243440730020283 0.017419692452455903
85 680 0.011668486298937079 0 -0.0006035193594235702 -0.001598591742483232 -0.0005203140606438866 0.006620257911328219 -0.0018065217937639766 0.014455343980973293
86 688 0.011700552277097534 0 -0.0007117870837548813 -0.0017733502120574 -0.0027518750892263763 0.006167947882116676 -0.00304082277303396 0.013599676234234023
87 696 0.00994508521129512 0 -0.00048424061515136955 -0.00014868041762205325 -0.000876217205210174 0.00606679799269781 -0.0034700942376353367 0.012488519378436841
88 704 0.01080060847066971 0 -0.0004819240077265187 -0.0006960065599887199 -0.002505556896668835 0.007604108451138774 5.143208789916073e-05 0.012522800196806266
89 712 0.010565339739554237 0 -0.001044312658627923 -0.002946431636294771 -0.0036295179338238287 0.002708110911460407 0.002277943949513945 0.014823098158233313
90 720 0.01077414460835241 0 -0.000518976079205504 -0.0015268903306624724 -0.003639526326554446 0.00040375722551194357 -0.0006061905647006323 0.01783547544883716
91 728 0.009465333447085816 0 -0.0005763481227363764 -0.0014611607073178403 -0.0007571223913211767 0.0041158738165239395 -4.092042136604595e-05 0.015108544301747035
92 736 0.008472846449842864 0 -0.00020286485660903205 -0.002485089790522847 -0.0013700391088571737 0.0025764581870681485 -0.0004247449368233676 0.0158951246900126
93 744 0.0073788138718764735 0 -0.0004543151935973472 -0.0024086082330473215 -0.002004459291101009 0.0033306213207108656 0.0009748839492881749 0.0171574254784168
94 752 0.008847476674544165 0 0.00014956283517632293 -0.005734759624176583 -0.0008197276697347081 0.00042638211482045837 -0.0031703741663459614 0.017108945580026062
95 760 0.008272235363345 0 -0.0007429177918527792 -0.002912002257592676 -0.0011063684183956818 0.0013328449469969194 0.0008784453596589062 0.0168654203322687
96 768 0.007064075949686558 0 -0.00010336065069696315 -0.0026323516536080286 -0.0006324075114540712 0.005399849656494733 -0.0012818164021664827 0.014586118973183949
97 776 0.006825526492613662 0 -0.0005995395359294064 -0.0014814473950725588 -7.93845310623749e-05 0.0044279255884610395 0.0008486045307300673 0.015354723415480586
98 784 0.006671204407062117 0 -0.0001259373987844226 -0.0025828633464229575 -0.00014286607546444942 0.003265670903950171 -0.0006076907763930323 0.01564383321002059
99 792 0.006011037637966549 0 0.00023174591904122073 -0.0033044915111660684 -0.0011038655865277594 0.0020968314125409783 0.0006417821060557434 0.016088632498786504
100 800 0.005713425834206631 0 -0.0006634504124204226 -0.003072968931583221 0.0002269759387306077 0.0025909808196413163 -0.0021949037098579973 0.01569192362354035
101 808 0.006727287120241931 0 0.00012073245372978359 -0.004200212887583279 -0.0005007498942828045 -0.0008814125382866267 -0.004403961282152551 0.017958523332805967
102 816 0.007014688622239488 0 -0.00023570551885145947 -0.004343013572691224 0.00013057606641486043 0.0013011337216299469 -0.0036300801433666596 0.0165292355276576
103 824 0.006625344891523248 0 -0.0006484970333595274 -0.0036622498843390905 0.0004173241144902795 0.0012345353562072342 -0.006281673814592817 0.01716548508139921
104 832 0.006724051270636698 0 -0.00026879116312640284 -0.0035749532877001763 0.0010316412515028535 0.0023561627862460164 -0.005666326254555571 0.01674576841241332
105 840 0.00744534872011187 0 -0.0003959459957683294 -0.00418565423855147 0.000666990818867363 0.0027423490648360053 -0.0034173796588398537 0.01634075202200823
106 848 0.0065528108633416725 0 -0.0003145010934459812 -0.00323207692751646 5.236118680304093e-05 0.0033928819936094243 -0.0025687338268343077 0.015381088215415211
107 856 0.005688809157235035 0 -0.00035177229095450824 -0.0029639125610493354 0.0006238923640562688 0.003975267228994071 -0.0030617265707719504 0.015477248657562507
108 864 0.005436928020632198 0 -0.0006147229502533679 -0.002900267147166791 0.001986622134673656 0.0035536852538829797 -0.003802910326261489 0.015921438964143934
109 872 0.0050943307818177635 0 -0.0007442354689746387 -0.0034563379490556915 0.0009587364704474739 0.002182372152186271 -0.0037500689796322838 0.017093632121039603
110 880 0.005030268040957968 0 -0.0003101675431592567 -0.0038657197502268725 0.002150591596967635 0.003722421609959583 -0.0045063729998875805 0.016554650111213008
111 888 0.005502595836386023 0 -0.00037977912571265324 -0.0036737266939778903 0.003054325278574848 0.004181000312564183 -0.004272037646817209 0.01643981774118717
112 896 0.00608366007854735 0 6.935070235635079e-05 -0.0035533575737654475 0.0036026929822082854 0.003090208419124598 -0.003269331317270663 0.017567665322839404
113 904 0.0067999626152996165 0 -0.0002958212349773944 -0.0014395922706217658 0.0023258173494257383 0.003981319849127376 -0.0011983867585251334 0.016366416970403034
114 912 0.007342834240700514 0 -0.0004533144313699886 -0.002067713243573464 0.0034771136922173308 0.0035337808193665423 -0.00293430603233268 0.016829841757189327
115 920 0.006892693054541526 0 -0.0006353949925184418 -0.001882244797290711 0.00277127445523278 0.0037050509267611983 -0.0016943892505017584 0.01662360220203396
116 928 0.006831327392189113 0 -0.000223394440534563 -0.0014109280856184469 0.0029917955224411253 0.004878969163182729 0.00015804583845363453 0.015907871421420285
117 936 0.005902539174239144 0 -6.918696734389053e-05 -0.0030172801936991078 0.0031505646503237864 0.0027126195144802543 -0.004904956678395745 0.017521686654017488
118 944 0.006249682547787653 0 -0.0010220230095232621 -0.0023995585231766084 0.0022922296930913454 0.001984535688305442 -0.0018790026913322612 0.017018842579659473
119 952 0.006595888160581652 0 -0.00039751641830779183 -0.0026256938444007903 0.0036729557643171186 0.003431916373495532 -0.00424925945750278 0.01601496314494346
120 960 0.005808785208714034 0 -7.340748040830932e-05 -0.00208675018335676 0.0033955383806474945 0.003203817506378612 -0.0018222485566750345 0.01646518120576432
121 968 0.005184594922238491 0 0.00010586234374957839 -0.002241516070004618 0.004879600438558546 0.0036058557100500247 -0.0032303106811678536 0.01703804559122292
122 976 0.0047610872224579165 0 -0.00013063442051048914 -0.002426258006173654 0.00534253296547961 0.004233736416184098 -0.0036427584393712675 0.01638078746545157
123 984 0.004954178640922219 0 -0.000242751884156563 -0.002551961607788886 0.005340558181096197 0.004195439738103443 -0.003895801817115044 0.016510942170540086
124 992 0.004847691426048726 0 -0.0003253117564839653 -0.0018291833649337868 0.0038452976644535947 0.003314096240039996 -0.0027554661854379617 0.016442431021004674
125 1000 0.005491295214568718 0 -0.00033187544010134635 -0.0007648796628855394 0.0036017835344031527 0.002727358175212369 -0.0010548056807651934 0.01674327921933706
126 1008 0.005530073128674588 0 -0.00014871107592295926 -0.0007112998782335699 0.00458664275533409 0.004110357670749159 -0.0017472083578197618 0.016421422271041892
127 1016 0.005520638143527859 0 6.556688100921109e-05 -0.0006607282289898896 0.004623659340604588 0.004794255559742771 -0.002711651629409397 0.0161419055559826
128 1024 0.005499982441017228 0 -0.0008683443475309885 -0.0008361137549224531 0.00395294115084418 0.005355461449207942 -0.0010697647386827879 0.015892308969358906
129 1032 0.0055221617866545916 0 -0.0005590790484784984 -0.0006611047888901132 0.00458548638428818 0.005955419499415374 -0.002285069742872861 0.015561332372598878
130 1040 0.0047232122166728585 0 9.627320271227851e-05 -0.00047612901551260915 0.0034844233608917344 0.005621585366062451 -0.0008212715963326145 0.015372085505301789
131 1048 0.004994619603169139 0 6.985733176755916e-05 -0.0012486542751828378 0.004197018437171492 0.006036212919920467 -0.0009028457732126072 0.015436429253536891
132 1056 0.005171455367324037 0 -0.00010267347667148929 -0.001423120867476097 0.005065525245027026 0.006206586749046386 -0.0015494853076349138 0.015621669396051157
133 1064 0.005875190214730969 0 -0.00024014799932773717 -0.0011334231045241612 0.004901327701859552 0.006480824053995729 -0.0010985131869545358 0.015328180483163967
134 1072 0.005985187351457706 0 -0.00018523912939158877 -0.0009414530402759436 0.004898793966112075 0.006278439221639325 -0.001058421750684032 0.015746913473998012
135 1080 0.005135827890220231 0 -0.0002666916561985931 -0.0010580172661638937 0.005044704624653886 0.006536999959193872 -0.00023668457696371468 0.015477616418538707
136 1088 0.005140911197665294 0 -0.0003869687608213406 -0.00043074907543573884 0.0037000638553021372 0.006686316679819071 0.0006291069810444342 0.014830994655942438
137 1096 0.004670788338865085 0 -6.50675441462943e-05 -0.0011483672088269208 0.004342824929808934 0.005644490669485254 -0.00046745929913118124 0.015508174857705542
138 1104 0.004426739868324551 0 -0.0003122639883474934 -0.0012009195270413606 0.004729052862591108 0.005250727910803359 -0.0009057392491197596 0.015717978218682628
139 1112 0.004444279610876296 0 -0.00039319389798386626 -0.0019329830994902694 0.005095646932713822 0.005982439020540267 -0.0013317048952465288 0.015465075506446574
140 1120 0.0045392769023576765 0 -0.0004871585062347048 -0.0013488070506047956 0.0038957981635503207 0.005089196896791608 -0.00031669984437999706 0.015451813837169327
141 1128 0.004260178516366924 0 -0.0003627139095079222 -0.0019742081738295717 0.005043379845036056 0.004555655027243611 -0.0025336804113502464 0.016233147871572363
142 1136 0.004494783359019894 0 -8.055177590567754e-05 -0.0017596114634324405 0.004832745336822375 0.0038841122721790253 -0.001990063896916337 0.016694471189368416
143 1144 0.004156804393018307 0 -9.286750474710539e-05 -0.0017674439518352721 0.00507893158914503 0.005169487708180685 -0.0023673114807693406 0.015921296410168147
144 1152 0.00406444762782122 0 -0.00021280076276239157 -0.0021156237708894144 0.005380477605948691 0.00478022977651046 -0.0027534058673589798 0.016427117972270453
145 1160 0.0038759921540198216 0 -0.00048146843101752075 -0.0021124251869990445 0.004880118420586766 0.004869637366021834 -0.0026129027909651 0.01622045238532404
146 1168 0.003626169341040447 0 -0.00015697008189939057 -0.0018106214594909565 0.00502865563715952 0.004502727578467053 -0.003072826127429686 0.016446584034256195
147 1176 0.0035843421242689574 0 -0.00031065191397383423 -0.0018072829124730662 0.005216342843389327 0.00485912551253506 -0.0028949689910153192 0.016123572967491697
148 1184 0.0032975221055424136 0 0.00018602638390892635 -0.0016857856058306833 0.004919853445929267 0.005229563377135814 -0.0025771576509491887 0.015850573716928433
149 1192 0.003529485509426434 0 -0.00020950612008143577 -0.0011489727579816122 0.004505143257826415 0.004957083626322202 -0.0013915610257424472 0.015687488396385844
150 1200 0.0036320557760197458 0 -0.0001966453660762351 -0.0011640387370897834 0.004429966888866018 0.004597110928129479 -0.0015172476051338083 0.015952477564535016
151 1208 0.003995565672385659 0 0.0002389824831321891 -0.0012280573682792132 0.00430576754656338 0.004534897434461364 -0.0015786774812561505 0.016354781587695197
152 1216 0.0039522909051752505 0 -0.0007289813680616097 -0.001683219462724121 0.004237102267599683 0.004504046978553029 -0.0023955574927156374 0.01620175033493555
153 1224 0.003982754251879096 0 -0.0003912631608545455 -0.0012454508418452601 0.004260562137299065 0.004603839303125441 -0.0008370815537285634 0.015804944516741016
154 1232 0.003700500364589766 0 -0.0002572739600737834 -0.0008359014094029365 0.0037928284368302888 0.005826110888627339 -0.00039810129445619173 0.01524150738593362
155 1240 0.0035841570279276477 0 -0.000291289263894072 -0.0013330193387866666 0.004196820043339746 0.005152813076610923 -0.0019327729293643718 0.01580148039812324
156 1248 0.003402552814453948 0 -0.00039913134927858777 -0.0017147359639031153 0.004703475442989814 0.005620721891570445 -0.002078798404133902 0.015621780227221724
157 1256 0.0031736796269132184 0 -0.0006456285363579811 -0.001659027315956047 0.004511007111398715 0.005526677305922725 -0.0018670255552416563 0.01574075396068643
158 1264 0.0044244522409156994 0 -0.00037820195624153744 -0.0018903447747258433 0.0046091166637019605 0.005693950999990127 -0.0013964589797401783 0.015634394334645897
159 1272 0.00475471731472232 0 -0.0006897729089071605 -0.001282664670829519 0.0037580996727010797 0.005389877893353649 -0.0003567093160724685 0.01585277400531662
160 1280 0.004743984703206473 0 -0.0004771876359224021 -0.0012218881664460169 0.0033437037793855127 0.004743625384118211 -8.249553500577506e-06 0.015849629418531703
161 1288 0.004470485463376964 0 -0.0001832563901712282 -0.0010231545954020099 0.003397313238191503 0.0053475338415788 -0.0005008897692720979 0.015610863537876244
162 1296 0.00425400921790754 0 -0.0005836076918263737 -0.0015651446525448308 0.00424341724977039 0.005868697840509803 -0.0010046360311918932 0.015461988800807732
163 1304 0.0036406560348650435 0 8.187813548827516e-05 -0.001204004983296154 0.003423859696279762 0.00519298815680022 -0.0004217574990725508 0.01577472838468848
164 1312 0.004110803031391596 0 5.356089252290923e-06 -0.0012345883526271846 0.0033167504099276207 0.00524695625447459 -0.00011039816754057494 0.015780985265292757
165 1320 0.0044582203613159075 0 -0.00018187472299334298 -0.00103988379478028 0.002779637812540232 0.004524532692824403 0.0007385119913257778 0.01590599848098355
166 1328 0.004669820877986914 0 -0.0007612435320878174 -0.0007462806645182806 0.002298863528596037 0.004526734167249244 0.0009033460217750928 0.015709449290475803
167 1336 0.0057798513470247205 0 -0.0003010743863619818 -0.0001170428050030907 0.0015896628844174697 0.004864883269055955 0.001965075832018151 0.015151242762218395
168 1344 0.006187923434198595 0 -0.00015145582527680484 6.739332460476072e-05 0.0015171767900168292 0.005107169711940523 0.00269112712915569 0.014892524668291154
169 1352 0.0073884975504384005 0 -1.076870979667432e-05 -0.00021033544538762833 0.0011908424441326045 0.004469006755562744 0.0021919653335957688 0.015451913186355798
170 1360 0.007477276560544459 0 -0.00043307025602848024 0.00025071259454409136 0.0010385680437158182 0.005441751436782381 0.002871505619257596 0.01502357944544196
171 1368 0.006243820390719147 0 -0.00017213313114005968 -0.001465295294148242 0.0030788390856978844 0.004292199532043602 0.00019724431271305473 0.016285722144773505
172 1376 0.006166066946622412 0 -0.00040386180138330736 -0.0009994387913944476 0.0029420492622108 0.0053140119551109075 0.0008878653958320834 0.015498800985962484
173 1384 0.006904959861003394 0 0.00014236809167895797 -0.0009233507196876636 0.0031288814220072764 0.005073452873579099 0.0013560678951258227 0.01550904829104911
174 1392 0.007291382000675437 0 -0.000557030124667589 -0.0013013601950132225 0.0037055213824682388 0.005585586092351797 6.507117277429269e-05 0.01584596702612642
175 1400 0.0069122165991275745 0 5.232834966982511e-05 -0.001225189736290812 0.003806530595387437 0.005764739158406313 0.0006759032566853696 0.015525620443046891
176 1408 0.006258707599208516 0 -0.00037852104264583515 -0.0012140877812879956 0.003645182739567515 0.005120504292244722 0.0009365640037358987 0.015770168826700685
177 1416 0.006820344557584912 0 -0.0005314473743906821 -0.0013590304924410487 0.0029134641842790913 0.004314276105478131 0.000545898811489973 0.015930045385475156
178 1424 0.0068491732894382365 0 -0.0002995466998172039 -0.001128952594779466 0.002128027188272555 0.003724696916117202 0.0009734218228964653 0.016157312086634474
179 1432 0.006518141845874014 0 -0.00017746595264071352 -0.000818052842769825 0.0029992717435094103 0.005464230123407318 0.0023131305484305675 0.015308592534228584
180 1440 0.005919008494972598 0 -0.0007141934837814447 -0.0009508087515676758 0.003312796885185476 0.005380657979981174 0.0015109732721949427 0.015456609791966091
181 1448 0.005502563783844644 0 -0.00040903390552485795 -0.0008579298458404851 0.0031773210729526026 0.0049771607566171825 0.0021643647725389623 0.015688261112666795
182 1456 0.004889113215328213 0 -0.00019666858232214596 -0.0012024719941798102 0.0030764750745046494 0.004862389228004888 0.0010699937727218247 0.015704586055155442
183 1464 0.004544375580991974 0 -0.0005979968658071719 -0.0013191883051576858 0.003405805893709182 0.004605860349939024 0.0011127392105717631 0.015848027020648223
184 1472 0.004951911495074152 0 -0.000958298182323177 -0.0013542009906037245 0.003458544069884025 0.003967871657589325 0.0010711870752797047 0.01610916060834411
185 1480 0.0058666916860641355 0 -0.00020469911095737634 -0.001379009967056985 0.004051351223829026 0.0042821544694497645 0.0010673558753163748 0.016037151300089
186 1488 0.005828677530647272 0 -0.00042591419990804135 -0.001921530677367114 0.004445526807229839 0.0047834318681887296 3.4176735842369045e-05 0.016018127229200745
187 1496 0.0060087470977882775 0 -0.0006886762349336073 -0.0015485422173511548 0.0033568491804622314 0.003804855334099761 0.0007072631867102165 0.016226672104865135
188 1504 0.005971520832601138 0 0.00010685516926239389 -0.001871508256878554 0.004385765584671765 0.005352792697149391 -0.00018531240255646034 0.015690534577863156
189 1512 0.0061130068399838445 0 -0.0006159760331172824 -0.0022895079798350725 0.003991470892034107 0.004471579595068051 -0.0008537838928170274 0.0161520628799903
190 1520 0.006472992431857877 0 -8.00579869777476e-05 -0.002018589724474695 0.004568712622081141 0.0053192368097860435 -0.000824887928757708 0.015960138625050448
191 1528 0.007065077492060418 0 -0.0008538582343538911 -0.0026042394793457115 0.005691807319006244 0.006331834901833041 -0.0024718830611675296 0.0156675499064721
192 1536 0.006706877000653304 0 -0.0011279607092151975 -0.002788794606882988 0.005554482963633656 0.004475412058272161 -0.0018256724843589316 0.016369845890945152
193 1544 0.006579696068884423 0 0.0002550427427961236 -0.0025490334795551252 0.006240905050257555 0.005960935740985343 -0.0018841153207880554 0.01611487389715194
194 1552 0.006263224270990333 0 -0.00038323756799768743 -0.0023563229465701904 0.004907057787062682 0.004998979864106643 -0.0012604488029637525 0.01586362025061001
195 1560 0.007052947783495889 0 -0.0002819266902128033 -0.002055056173578261 0.006263078610793931 0.0057186746754017215 -0.0007933807429859625 0.01579242958779785
196 1568 0.007525769765302203 0 -2.602582312764655e-05 -0.0025950205972387315 0.0052406162361363666 0.004787715277397167 -0.0019541856928835077 0.015924214486838024
197 1576 0.007200012114508667 0 -0.0005054554685821971 -0.002053458377559164 0.0055504540600283155 0.0057749840994860075 -0.0008146253482685859 0.015704412769647326
198 1584 0.0066125320416910134 0 -0.00035372665770853256 -0.0018827650111638032 0.006328214637919175 0.005204888608877151 -0.0007598964961936315 0.015856651069427304
199 1592 0.005922206627785062 0 -0.0004321466264333466 -0.0018788082080625056 0.004558820722457088 0.004847322830773837 -0.00044799414991311627 0.015795115037955734
200 1600 0.00568127277413031 0 -0.00011371128137818628 -0.0022445451373403905 0.005016429545115236 0.005434403447579708 -0.0013195731789763972 0.015772005089284745
201 1608 0.006886476878312444 0 -0.0006915051644561537 -0.0014437073625410337 0.0038954492598230143 0.005343159792582909 0.0003127287263591218 0.015642148478916776
202 1616 0.007565661703725458 0 -0.0006079352575428284 -0.001674140070464388 0.0042455361803487605 0.00506162799228945 -0.0006680782214736 0.01590319057001328
203 1624 0.007571001285970134 0 -0.0007075390238899425 -0.0016247870060594784 0.004525561869898921 0.004702163026661788 -0.00042019645213279985 0.01598783539426702
204 1632 0.008827464431291485 0 -0.0007608182276779099 -0.0009288514625625675 0.0029899364588923194 0.0046288242610160145 0.0006808517525405534 0.01551775217617023
205 1640 0.00948168770979871 0 -0.00046425691753647103 -0.0008304558229994758 0.0029586737548836185 0.004602336825743785 0.0009602190262310424 0.01549762097045482
206 1648 0.0104252388681805 0 -0.0007722475548470429 0.00015007951949318763 0.0008983659483037167 0.00358083596266339 0.003140237049049175 0.015431947210716928
207 1656 0.01099041543464471 0 -0.0008283771374686454 -0.000588552742828488 0.001969334727744402 0.004971781098409888 0.001205748861747037 0.014738029424996246
208 1664 0.009301086048402721 0 -0.00033617920109643354 -0.001250750329900571 0.003776264452150838 0.005187672768017984 -7.153530706563633e-05 0.01536118366930502
209 1672 0.008819216544232811 0 -0.0001883822629154352 -0.0007980212070336157 0.0029820192627931226 0.004583305366524068 0.0010614462179206361 0.0152671679436212
210 1680 0.008168910470837561 0 -0.0003644101882192301 -0.0006682212890647787 0.0023228147876368115 0.003646499168317884 0.0019756974329831643 0.015638666175449286
211 1688 0.009431206353192521 0 -0.00019640542865289722 -0.0011275125038946844 0.0029271087197179904 0.0036201146996237836 0.0007527424698632822 0.015631801125499507
212 1696 0.011668356654093026 0 -0.0006986232288881379 -0.0010544836151121875 0.002432330599013926 0.0023660025268283785 0.0016788312819759153 0.016156830413138597
213 1704 0.011748853010814627 0 -0.0008246169822124718 -0.0016282954033139552 0.003001919659187525 0.001907451815851723 0.0011061081348871557 0.016709135387490862
214 1712 0.011697341768876199 0 -0.0008493050947343311 -0.001761708049741953 0.003083577210492108 0.0017692435767810541 0.0004208941251708483 0.016577045599583833
215 1720 0.012301754283295128 0 -0.00041107733841721155 -0.0011760020242473901 0.0008491898685336393 -0.0003755507207194764 0.0021748936742283843 0.017106453992788477
216 1728 0.014112093447740512 0 -0.0006373111465787811 -0.0020601186463460987 0.001746162641987376 -0.002283067648951244 0.0009123224623466029 0.01808292102613596
217 1736 0.013299672836299986 0 -0.0007159065269054881 -0.0018864675748026698 0.00162730904900072 -0.0018114678504029104 0.0015365866414967617 0.017904150361399186
218 1744 0.015506779703528796 0 -3.790976255921795e-05 -0.0024676371362835686 -0.0001853831301450086 -0.006902622004559147 0.0019906110125694175 0.02014095587163758
219 1752 0.01789652915137333 0 6.694290969320207e-05 -0.0020095081693050675 -0.0011195851443153498 -0.007189289538611563 0.0030472495858678544 0.020043315662219903
220 1760 0.01928305762345614 0 -8.157782196158646e-05 -0.001097067010258388 -0.0015697728338988587 -0.004973067714235833 0.004233638038331027 0.01885673378557708
221 1768 0.021785584204276207 0 -0.0003568058808427095 0.00037477096511110493 -0.001997153478692117 -0.0014739239586143392 0.006307587689445661 0.017056329885152682
222 1776 0.027674930801616086 0 -0.00015198348302398454 0.0020406401144725528 -0.0017871431596330955 0.002747280320737195 0.008219577416463638 0.014723561505869344
223 1784 0.0313238952277631 0 -0.00046391157433664114 0.0027876182429459337 -0.004696361346832678 0.0014150890448645715 0.009171352827096432 0.014818758584412174
224 1792 0.03655043036221692 0 -0.0003828600719265494 0.0031489950685582575 -0.0029383215694559228 0.0048909885856255235 0.007963672486702093 0.012281593282093831
225 1800 0.039489030944780824 0 -0.00019536162490410997 0.0011464630237121712 -0.0007339205817853008 0.004573023234603768 0.0055761795166795 0.01314000387836858
226 1808 0.04071641060993512 0 -0.00015642320147109647 0.00662852116953602 -0.008217111533763583 0.006155017886481687 0.015723634209079598 0.011239900233968939
227 1816 0.04344966115342238 0 -0.0002587119811224991 0.006395747877460948 -0.007554602019225475 0.00804712607959564 0.014901243761783712 0.010379672535902162
228 1824 0.04331712835258091 0 -0.0003582634623557306 0.006159210028460998 -0.005702450380945369 0.008373476924894142 0.015030296668799136 0.01116822411537867
229 1832 0.03998901620820329 0 -0.00031831871779366223 -0.00042358573034527273 -0.0029732864527270354 -0.0016376708004899026 0.0032566594475632506 0.015405912511069361
230 1840 0.041230786753422635 0 -0.0006535572840469903 -0.0022150961214641406 -0.002777343650818881 -0.0062570733555586105 0.0022145543381105175 0.01834522018658308
231 1848 0.03645200385622916 0 -0.0003520986183955146 0.0016568718630529432 -0.0030083501913418524 0.0020254643830529342 0.007730430864343101 0.015348520259110947
232 1856 0.042093756163578265 0 -0.00011286229644941285 -0.0026099295873897913 -0.0016565332084556436 -0.003354799767703838 -9.019398871412589e-05 0.016941586284435917
233 1864 0.043585636532769804 0 -0.0011023114982299765 0.0007585463286267774 -0.006044573389437324 0.001019904604042224 0.005939037517214734 0.013920838068901221
234 1872 0.043949407971411156 0 -0.0005285083774039605 -0.0002520221504706769 -0.0033860378084149675 0.003284904243006758 0.003146665651091939 0.012876939919811098
235 1880 0.0471280165812212 0 1.6711242791488665e-06 -0.0017139924759651771 0.0010747846290793351 0.01064424714202477 -0.0032609465454767742 0.009984754745647447
236 1888 0.03956816228487439 0 -0.00036002193205150214 -0.00148292481315605 0.0019935758098668607 0.008352760810719327 -0.0007459570608564662 0.01182147872062617
237 1896 0.03485445638798002 0 -0.00031807274218618043 -0.0002645985969974942 -0.00038402884373270026 0.00729524824123535 0.00034141359358947536 0.011671651146620556
238 1904 0.0308451604681981 0 2.7726234767961634e-05 0.0013818327458544784 -0.0014673673307708927 0.007036219986110639 0.005864861059854046 0.012330986514268068
239 1912 0.026812119634390084 0 -0.0003881089945935636 0.0015929846601383784 -0.0021581806865608 0.010496010610111402 0.0035877500709081064 0.00999921385771889
240 1920 0.025383427159241884 0 -0.0006764377760899498 0.0009342654997906003 -0.0011966845527779128 0.0079480976856237 0.0035673284248837834 0.01208334545878865
241 1928 0.023571533294744384 0 -0.00026713792654342963 0.0018302142492010688 -0.0010743099707968102 0.0100215679740591 0.004425211299820875 0.010748122304700451
242 1936 0.0249719293401924 0 -0.000229324700068171 0.0009333192323738419 0.00030427403310077017 0.010596778453203304 0.0023375680045157085 0.011244376891521989
243 1944 0.030430506329503344 0 -0.00038959008506265206 0.00039990519852712463 0.000679198316209896 0.010227125817922473 0.0006078600151032819 0.011614669035738384
244 1952 0.030799124518410593 0 0.00025412065899004313 0.003631092102415384 -0.0018386717617809825 0.013075320157423104 0.007565439600721174 0.009280510081390008
245 1960 0.031167282001897195 0 -0.00046403715830706227 0.003402234729081343 -0.0025293837015968124 0.01188748324732999 0.0068004849389039345 0.010334636603376817
246 1968 0.03056902621478129 0 -7.707234835814579e-05 0.0028669992911115505 -0.0017468023430413397 0.010571410215390029 0.007023521962532311 0.011500393067848919
247 1976 0.028127646933947814 0 -0.0015312571158300557 0.003218705640594213 -0.0020209845798337795 0.010616140067943427 0.0067959124516513425 0.011332109136815356
248 1984 0.024696357140754167 0 -0.0006113410657385479 0.0015626904174274412 -0.0021009676541784874 0.008873905655020836 0.0035932795569937393 0.011789526528429232
249 1992 0.022212335037819737 0 -0.0004948447146787573 0.003635566691764278 -0.003617683178643318 0.009706856859876557 0.00826441119922724 0.011323953149976463
250 2000 0.02196964343432446 0 0.00016964254370492636 0.0019352039801592159 -0.0022128796482132514 0.007814142090086518 0.004986353342223399 0.012079629891082416
251 2008 0.021050866503537463 0 -0.00021676749147747957 0.002968995232189267 -0.0028486198404113947 0.010337009034294693 0.0060822097751731296 0.010574112863027705
252 2016 0.01979422141538275 0 -0.00043939521697188813 0.0021031786479478246 -0.0012623339882996405 0.010113692867960858 0.004448755678598868 0.011300561321718878
253 2024 0.018310597569940114 0 -0.0002236977816666165 0.00164163012265197 -0.0024930913547789747 0.007498735836395145 0.00412480925310116 0.012338247225704556
254 2032 0.018647456754544666 0 -0.000211572599585658 0.0010167772587996746 -0.0020804518896957143 0.007963711579361387 0.002376059008458632 0.011945642424966457
255 2040 0.02088153071890471 0 -0.0007910422572570421 -0.00018711891632053747 -0.002317396101401861 0.004958130293752781 0.0005359175760674875 0.013554085455548382
256 2048 0.02258071977620788 0 -0.0003502286265470614 0.0008480898071773963 -0.0030946034162492152 0.006746593253633365 0.002054190964397504 0.012055152793242499
257 2056 0.021014375533526773 0 -0.00038303703890280396 0.001324407408003028 -0.003010583200046073 0.007432988901381073 0.003200657526328393 0.012159940080883952
258 2064 0.019287868656832404 0 -0.0007078877059190545 0.0016720054197702085 -0.0031743418679076978 0.008362769890229636 0.0034815635459536677 0.011626472299347879
259 2072 0.01987735450331939 0 -0.00021204280899683053 0.0010709869680153893 -0.003628900251018286 0.006142582847685839 0.002506458753804154 0.012890967940872364
260 2080 0.018290013407611872 0 -0.001152135586208833 0.0011201287543860553 -0.003063363616517618 0.008752879316321759 0.0024087778685343607 0.011443778483210657
261 2088 0.019825198412478973 0 -0.00034387976619000007 0.0013923741654884214 -0.0020760773726218114 0.00982802573547142 0.0030881350069539505 0.011262534784993648
262 2096 0.020178829043709986 0 -0.00044912066592265427 0.0017318757713504485 -0.0018855721450935497 0.008787409082126284 0.004174860168539145 0.012012876018829052
263 2104 0.019424673278911786 0 -0.00048360440658468053 0.0012459590584227508 -0.002247096334744403 0.008011828951091551 0.0027368853315385684 0.01195104465302093
264 2112 0.019620445593715626 0 -0.0005290031570407111 0.0017229148782069823 -0.0015494393983022548 0.009680490558602057 0.0032608973685207075 0.011344440676724438
265 2120 0.022353456068196255 0 0.00010600946956987652 0.0006627237392320541 -0.0019502848039458 0.008533987063000818 0.0009203660400981918 0.0114472721620768
266 2128 0.026624029518945054 0 -0.000623247984353412 5.658011691680174e-05 -0.0012014719161938649 0.008700323849468113 -0.0006001915598608375 0.011195085410262921
267 2136 0.032511831528031804 0 -5.840372261034765e-05 0.00016778699410226872 0.0005707800510104709 0.01121763231660149 -0.0015790812328101234 0.010189651973796727
268 2144 0.035132167079663164 0 -0.0004965291198958246 -0.0005904867687483869 -2.398224615682317e-05 0.00971330378999237 -0.003259681909961586 0.010423990272828101
269 2152 0.03686865049004439 0 -0.000655342875894093 -0.00030598039042851875 0.0005426791876902862 0.00751280715461803 -0.0013204492588959386 0.012447177685595877
270 2160 0.0414880134312848 0 -0.00023044982601271464 0.0016951786940945857 -0.0014864526982118545 0.013142910681219434 0.0007828503260767503 0.00779341231901125
271 2168 0.04434942413993664 0 -0.00031947094444111324 -0.0006675876476178431 0.00011368249150561555 0.007754884160580955 -0.003605400742662461 0.010531035548276425
272 2176 0.04252611540500262 0 -0.0005267056416923034 0.00035103294888717666 -0.00021121393125093823 0.005203085690000751 0.0004479254503814143 0.013512846812309224
273 2184 0.038816596792228854 0 -0.0001678759864137758 0.0016519790883958783 -0.0018305901433926476 0.009108440080070954 0.0034794524872378474 0.011367604221450745
274 2192 0.04206516160594577 0 -0.00039423905299745083 0.0033458089024567894 -0.002607480495544364 0.009574070141246676 0.0065276950988181915 0.010657345973797633
275 2200 0.04353134816957611 0 -0.0006242087585845992 0.0020656833804739982 -0.001191642881337286 0.007035125077120678 0.005470609093144348 0.013172805627344375
276 2208 0.04595535343001039 0 -5.0741542759277986e-05 0.003658753592011132 -0.0022307040909003064 0.008538129642032866 0.008687600382065888 0.012715708733132745
277 2216 0.04723106616199296 0 1.4656987252790793e-05 0.0024659775308100455 -0.001971284798620807 0.0056639487227485375 0.007054034784878898 0.014449963515885091
278 2224 0.05287948616038434 0 -0.0006009451309135112 0.002960939820377298 0.00023406407645411862 0.00811642450291897 0.008643830908330704 0.014430040502029564
279 2232 0.0547873885293416 0 3.593916812893441e-05 0.00356083406077499 -0.00020471599333889492 0.004815926413767625 0.010969505858707767 0.016650098624887155
280 2240 0.0567826038423769 0 -0.0009295196754241831 0.003448245887739557 -0.00019229553023879047 0.006531523678977192 0.009777561710350739 0.015503157042005835
281 2248 0.049164529174461055 0 -6.519642755391442e-05 0.004409111550915652 -0.0005584617958154387 0.01112863907022843 0.010668960138502319 0.012477445699654317
282 2256 0.04447077868829009 0 0.00018940707075659887 0.004997411974161937 -0.0009193803242453875 0.00953093527696845 0.012318120328119516 0.013557794124459559
283 2264 0.05523907033168417 0 -0.0001236367375598339 0.0045401171233616575 0.0001538917580963411 0.013345579608012052 0.008491089030095364 0.010115006931392436
284 2272 0.05579106817733785 0 -0.0006379653272992383 0.005274607475956259 -0.0020258446383208655 0.012394647672733652 0.010119993783331964 0.010186409181201289
285 2280 0.055649528593365305 0 -0.0006619820161622691 0.0034746443061572352 -0.00019352983082738693 0.011370173681121164 0.005627606132188038 0.0102459557093596
286 2288 0.07066100034141229 0 -0.0003879771052833007 0.003133501878958508 0.0010448711028435407 0.006229019450390523 0.006785418889791712 0.014859301808974252
287 2296 0.06798032091644343 0 -0.00016333254702537506 0.0021608227211405975 -0.0016922684275796464 0.006696523475612587 0.004051599673804799 0.012680059124222156
288 2304 0.06009562935954764 0 -0.0005301581784839738 0.001840369231623637 -0.0004057308583996312 0.007243238427285326 0.0020849533886459206 0.01226604490762455
289 2312 0.055171228911411914 0 -0.0004645874154397712 0.0019876483833098754 0.0013444336025031716 0.00844759535205733 0.004136736763285159 0.013367525778002563
290 2320 0.051766621416995263 0 -0.00041743913261144355 0.0014310119348694863 0.0006183360290899258 0.007445143688783766 0.001675268742159989 0.012797534499124328
291 2328 0.048978263422848264 0 2.4438812333171648e-05 0.0023511227048476596 0.00032293630420603754 0.00817183030905948 0.0056968654785194 0.013858359044314811
292 2336 0.04978591316896048 0 -0.0005012148124219362 0.0028166299216715487 0.001675181928088851 0.00829931666496424 0.006847672387021483 0.014750313582309804
293 2344 0.04892201393762896 0 -0.0003338620887909736 0.0022909356334272738 0.0018490563464724575 0.007055285138450347 0.004412348596113519 0.014193021949721584
294 2352 0.049709173128641405 0 -0.0007419265133785708 0.001582378120632632 0.0016532343971455898 0.008450492009507943 0.0013738151288855928 0.011751119839670705
295 2360 0.055244983497425626 0 -0.0009336021602268749 0.0023187289415279684 0.0025930638928843945 0.006880590938838034 0.0033093380719568305 0.013652189164583163
296 2368 0.055119061405228084 0 -0.00011177897446224569 0.003662804737773015 0.0011079827986585319 0.011599781027311695 0.006350825156067273 0.01104323487959864
297 2376 0.057201136709343646 0 -0.00020501302872287725 0.005100284562955289 0.0006655794153188608 0.010442317642238269 0.010772078574307497 0.012680909032502673
298 2384 0.050078645985858684 0 -0.0003265051508809326 0.0026115811413736922 0.0010825706425838092 0.008895796876334678 0.004893241672426031 0.012550125253524787
299 2392 0.055481113700076974 0 -0.00012372143425889233 0.005432101289214504 -0.0012130235829678308 0.009712347904721318 0.012725761785513746 0.01287418273278411
300 2400 0.05483114519746218 0 -0.0004160759705160707 0.005758136339171092 -0.0007048164224705593 0.011537604049395767 0.012773327698360648 0.01168613390425366
301 2408 0.0501668861497021 0 7.1507207910101954e-06 0.004492523030719154 -0.0014239000726237194 0.008396116179230457 0.01181570192987589 0.014050608240596375
302 2416 0.05595523743285808 0 -0.0008054739801066542 0.004996087459507331 -0.002514085676984003 0.009115864662562678 0.012929893354625884 0.013087361255640636
303 2424 0.052783709244713005 0 4.41507107669071e-05 0.005153072878730164 -0.002383505092908541 0.011051951993265984 0.012558040261710592 0.011988949651953573
304 2432 0.05591915990262818 0 -0.0002539670906742159 0.006600219423720901 -0.0028183800233456385 0.009258859571310165 0.0192190898215502 0.015563879798825887
305 2440 0.062066315309086205 0 -5.88196603193078e-06 0.006509312163697023 -0.003953456572470872 0.010469847602826531 0.016645398743247698 0.012893040866361007
306 2448 0.07039370743568123 0 0.00020866812889750483 0.006747373382073416 -0.0035989366960747496 0.012129590742112992 0.015763541796908132 0.011391399111037037
307 2456 0.07636112701590975 0 -3.6175521506549803e-06 0.006801395216903618 -0.0076931514934761545 0.011140263772822085 0.01601068949655441 0.01009876781222855
308 2464 0.06905806450824892 0 -0.00045599205708410015 0.005055620361287246 -0.0051517014188696905 0.010046269144900331 0.013494942751176287 0.011972316659636344
309 2472 0.06057560959444758 0 -4.6306624321307244e-05 0.004837692877835402 -0.00262976224473728 0.009967010779561587 0.01097942631917922 0.011854756820249496
310 2480 0.06564379272901161 0 -0.0005655585108500013 0.004220523287780017 -0.004261983189322319 0.009362060870696794 0.006944522388392357 0.00928897403076887
311 2488 0.06894657959191632 0 -0.0006548408602592003 0.004524478110568575 -0.0034768331544566557 0.014323830176151056 0.005954518033953309 0.006329102520458981
312 2496 0.07120646648145455 0 -0.00033394492482172476 0.003273595429523213 -0.0004810495204465382 0.010905020314166942 0.0027512171618561294 0.008760554567429166
313 2504 0.06325511820443291 0 -0.000881868371356379 0.003466452035932906 -0.001999634157999112 0.0114464744314556 0.003620717095422437 0.007977566363560633
314 2512 0.05569869594487741 0 -0.00027920402091520795 0.0035202273504023893 -0.001840263455410657 0.012987015907382906 0.0019145581565289831 0.006140499337870338
315 2520 0.0518176578939663 0 -8.660902229084606e-05 0.003623094993243624 -0.004279840566649366 0.011167110431547337 0.004886632289400643 0.007815109195220923
316 2528 0.05355432412837702 0 7.382333995256641e-07 0.002591332635394244 -0.002044787167867163 0.011615455736225157 6.792390505963759e-05 0.006455143654857835
317 2536 0.05416741772522102 0 -0.00022615397493512115 0.0017981640485783361 -0.000891762065215863 0.0126682863316936 -0.0031801360210426187 0.005423420061378572
318 2544 0.047462132015071906 0 -0.0004883421666414601 0.00174392310873433 -0.0007175664657845468 0.011632570055812363 -0.003119835139258391 0.006021126343464074
319 2552 0.043135434988196455 0 -0.0006304662795358846 0.0026449231880746097 -0.0023819900693506 0.011886568050813336 -2.052166473506269e-05 0.0061329823380425275
320 2560 0.05034231544388849 0 -0.00064906765110566 0.0004897681523841936 0.0005319918471248534 0.012936796357808544 -0.009836456939813908 0.0026230503879488944
321 2568 0.06864065422936454 0 -0.0005971409266393309 0.0016944294789440826 -0.0007479145771081234 0.01260065468507624 -0.003766212910182016 0.004625392708262517
322 2576 0.0800905533158458 0 -0.0003727964808237416 0.000940656459607256 -0.0019962367383378277 0.011247976467964566 -0.005425872034793512 0.004590243827975732
323 2584 0.08203983775987064 0 -0.00021514491466414812 -2.8942596246882334e-05 0.0013789553070428832 0.009877818226867657 -0.006177738571486289 0.007350213113758168
324 2592 0.0913937006831785 0 -0.0008279032043874035 -6.655768655412179e-05 0.0012566128501731756 0.008639124835668057 -0.006757431269096861 0.007289218816390505
325 2600 0.10237634696398147 0 -7.335374958203437e-05 0.0018712205493281852 -0.001632909088597234 0.009321546896978873 0.003263346059773382 0.01053993912881728
326 2608 0.10211460833862486 0 -0.0005947949120347667 9.512216655303775e-05 -0.0008553027391912935 0.012085536646282296 -0.005732086230809698 0.00528690532429683
327 2616 0.08337346742923715 0 -0.00029214661476361585 0.0009197927749992198 -0.00022281347336591188 0.009781221837920979 -0.0027450597803599305 0.007881580482722474
328 2624 0.07654757496340721 0 -0.00010314098277402461 0.00049848123275234 0.001696836520503928 0.008374594497129805 -0.003549660951147538 0.009122276870800092
329 2632 0.07203921806812097 0 -0.0008301890483838695 0.0015439114631570399 -0.00046288068056588375 0.012309441924043915 -0.004107597295916657 0.004908127124611385
330 2640 0.07454990427366165 0 -0.0008133082256001988 0.0011101962898466106 -0.0007449667204644545 0.009860633434923405 -0.0022027471566408597 0.007381679270366885
331 2648 0.0795568162381506 0 -0.00042891774818742007 0.0006796854168852425 0.0016372606891606304 0.008594582676563114 -0.0031723769990770097 0.008905647935070642
332 2656 0.0883347120327616 0 -0.0007211166605711988 -0.0007841135588501634 0.004518493247408115 0.0060442798852158655 -0.005805686958912256 0.01164312821297562
333 2664 0.1019141649763066 0 -7.156401111451559e-05 0.002177535820745404 0.002868025297266781 0.009107342277472452 0.003632576798463274 0.012512001711896188
334 2672 0.11441128242332287 0 -0.00028691548207829585 0.002321178446559817 0.002882534464077569 0.008342831593427196 0.005485307741967049 0.013591477673237408
335 2680 0.11795200853053114 0 -0.00017055128060085664 0.0016480362891248496 0.004682378089489994 0.005625633335872567 0.005927073285653504 0.017195068844232057
336 2688 0.10641875600391847 0 -0.0005418188843569137 0.001306070901274267 0.0035808805533613804 0.007876857641902615 0.0013281364250293647 0.013063946410021133
337 2696 0.1020967432014568 0 -0.0005154888328078539 -6.63242842278062e-05 0.00601215547059168 0.003505258919219185 -0.0003135355774169686 0.016495767537312224
338 2704 0.10570520215440646 0 3.1685047534502856e-05 0.0032392467283894008 -0.0015199888044489145 0.010982233510589655 0.006069810893310504 0.010371808825030415
339 2712 0.12819832813514953 0 0.00017476979768016 0.0018685450429777213 -0.0024038462822878444 0.00955040863005713 -0.000682867927436521 0.00773339336576685
340 2720 0.15453798440650826 0 -9.745585384718581e-05 0.0006595671416799169 4.3396886586660873e-05 0.004625706123090616 -0.002187337271154253 0.011591024103437894
341 2728 0.178992580059556 0 1.1262582176343268e-05 -0.0014929876389982093 0.002432778676792862 -0.003232025800818875 -0.005127778156364453 0.016485872563060406
342 2736 0.20597806166770075 0 -0.0005601709585752982 0.0015014810578637802 -0.0007628851163001219 0.003451287058450112 0.006341697812787173 0.01718480320619246
343 2744 0.2322820778140831 0 0.0002653797039442594 0.0020991144830935496 -0.004076607811045243 0.00396665970785123 0.007083431517045877 0.014466328213627467
344 2752 0.2534563376214293 0 -0.00024401389714466656 -0.002681862637996861 0.0001842682111597039 0.001799294211273085 -0.007095643397841911 0.012967915716722636
345 2760 0.24924073990200427 0 0.00022766930351823496 0.00010967721088598042 -0.007049418579590036 0.01465848479823128 -0.008387054117781125 -0.00024113272507164316
346 2768 0.25176941435731987 0 -0.0002793826834372733 0.0013517594159833512 0.00144767801120211 0.008902115586530479 0.004345517009556491 0.012788194783727131
347 2776 0.20433362748707495 0 -0.00016824383408480136 -0.0013495474925793018 -0.00046100626423999135 0.006145242140553443 -0.006837972710422756 0.009484773777848267
348 2784 0.18812901982568356 0 -0.0005311667525307905 -0.0029240417608803987 0.005235762474343243 0.00690255810747139 -0.01316245483179137 0.00863406657486685
349 2792 0.21846699829971847 0 0.00021195930856642058 0.0006399090808587007 0.0027975822599973876 0.019026417409867425 -0.009918569467250544 -0.0004840806928936951
350 2800 0.23758877314907964 0 -0.00020201190904633104 0.0011026439819611714 0.002654622708630561 0.01246445037806319 -0.0027163708190312483 0.006843398875026493
351 2808 0.2340247362724011 0 -0.00021834842195738905 0.0011278587975142415 0.006190608808364867 0.00647995509972012 0.003369737598086918 0.015613409653404723
352 2816 0.23885150039769054 0 -0.0008860013912906416 0.003334726216231875 0.006849481085261509 0.008310554490253986 0.011752939011558917 0.016935351416571227
353 2824 0.21941744944961186 0 -0.000409541469781421 0.0012702078334048499 0.0016461137378481609 0.012218325672230261 -0.0028315848550511083 0.005587056733018712
354 2832 0.23875335525005878 0 -0.00043044167017684067 0.001989237640212808 -0.0027941214876914034 0.01785594458557316 -0.007908916002953478 -0.0030005748869802
355 2840 0.29158882626938265 0 6.622472275379814e-05 0.004533718034889749 -0.011037181957239638 0.018695914333881625 -0.0016184896620739164 -0.004561412246085075
356 2848 0.28912359233211116 0 -0.0008691096172883942 0.004767163445779278 -0.000865446923231962 0.01573526904646324 0.005205457498205407 0.004229989594303496
357 2856 0.28131523717901247 0 -0.0006002762143908073 0.0038452222485051506 -0.005206729554583314 0.01593366925851598 -0.0032323111585246212 -0.0012955510749784191
358 2864 0.2524953890014887 0 -0.00045939612848054407 -0.0009359393104643697 0.0014818893815955192 0.010239256803857144 -0.01413617760275567 0.0020812839727963944
359 2872 0.23073113389462357 0 -0.000709475411479365 0.0026055294062958334 0.003078058237608575 0.009671636846667896 0.0015721550197477594 0.009185683326814747
360 2880 0.23433541960863075 0 4.114747812810536e-05 -0.0007628817785737927 0.005733472555886207 0.01249646594406581 -0.013007150138976863 0.002438924768190625
361 2888 0.26830446107993644 0 4.922476675034589e-05 0.006555191670797425 -0.0020668739167184766 0.02247750326801419 0.006738806706276235 -0.000917277463134503
362 2896 0.31773187662472335 0 0.00017504477917536525 0.008516904778651168 -0.01931324506986443 0.023009557996464394 0.0039764716079759566 -0.011123380802080831
363 2904 0.28831676651721544 0 -9.839684131369154e-05 0.00438253033222921 -0.006226044914531673 0.013142449261170893 0.0030112468127799375 0.001818694287348958
364 2912 0.2682969571466572 0 0.00014763061049802601 0.0035384073695558307 -0.0007690697209554818 0.017911796224380532 -0.003923745471718631 -0.00225962280787639
365 2920 0.22251855024533534 0 -0.0005143182989795085 0.00482632492550463 -0.005120688462172084 0.018068031553334623 0.001372057217596034 -0.001307235924265001
366 2928 0.20038436817754213 0 -0.0005882820681473255 0.0013741207261382471 -0.0009900517268625116 0.014252545288783468 -0.006814114981413358 0.00042214162109234575
367 2936 0.23258769350608108 0 5.707440060992951e-05 -0.00227552367329423 0.00700662059172995 0.014557428796456273 -0.01878151047610322 -0.0008607036991009037
368 2944 0.21951039282913173 0 0.0005454448588814281 0.001306176116951282 -0.001010419244612465 0.011777922451653797 -0.008825418841218421 0.0005304965122961129
369 2952 0.20426325176981294 0 -0.00011321004008143804 0.005101799082506964 -0.0048619582287803146 0.01942111327792878 -0.000591506977331597 -0.003920349674308985
370 2960 0.20936306791677917 0 -0.00037914356769312013 0.007111988240537866 -0.009901117272911604 0.017526596025297294 0.01023905888702265 0.00038641535494566203
371 2968 0.2015558458732927 0 -0.00044022578062369934 0.003004270845771741 -0.004181115593619502 0.01441356613377608 -0.005668749607876805 -0.0020798362751081466
372 2976 0.2284536251653415 0 0.00015907327650370784 0.00393548718710634 -0.00920580031728599 0.009213550529238036 -0.0004491507343702683 0.001307572787287374
373 2984 0.24264734777768157 0 -0.0009517206739820001 0.002304291734608238 -0.0057706850028770825 0.010652325671936441 -0.005218948547996077 0.0004965111128890075
374 2992 0.2496108864600908 0 -0.0005201025583272436 0.0008733014375986823 -0.0037259429225541545 0.005111169855680046 -0.008654563827066142 0.003178656434047156
375 3000 0.24412447338435417 0 -0.0004891361078288013 0.0018570572205340926 -0.005571055008503399 0.002423956380322349 -0.004988593542050633 0.005412944074694247
376 3008 0.22691139513816724 0 -0.0005205061725958504 -0.0011422030932908649 -0.0032274391693349136 0.004134264970266999 -0.012868331937219354 0.003831765906995473
377 3016 0.20600453460043078 0 -0.0002745593558202781 0.0015016659106449506 -0.0026836151959096417 0.008424095277300203 -0.00424017626329391 0.004634011585009177
378 3024 0.20006650590768352 0 -0.0012242924922679303 0.0031320358234127946 -0.0064664158583824845 0.008750168692345272 0.001860576370478595 0.0050634711108672285
379 3032 0.22058965888826226 0 -0.0007416688186852082 0.0012384727424949776 -0.004613062494358229 0.008822998866930522 -0.0012134223781368823 0.006109450139528881
380 3040 0.2556182914524126 0 -5.825932922105581e-06 0.0008938682989494011 -0.0055891007723050555 0.006213653436539434 -0.0031382962474297087 0.005841165841227073
381 3048 0.2733378072327295 0 -0.00025367892165338866 0.0002771533173189252 -0.005458427372945719 0.004844803019159299 -0.0030537342243641226 0.007823170747627216
382 3056 0.31351896529421835 0 -6.21880170398552e-05 -0.0018837748499089856 -0.0013345952108439023 0.008253718917941615 -0.01135174427296168 0.0051409017130592755
383 3064 0.2838081099072417 0 -0.00033084606356498204 -0.0008857162431807472 -0.0061035842272212934 0.002910695807617311 -0.006698386424774252 0.007561967250833118
384 3072 0.2710949895156374 0 -0.00041733334257179004 -0.0014611916896786533 -0.002350231192233621 0.0008269857446770853 -0.0003799006798621416 0.015224678435286585
385 3080 0.2655905033566682 0 -0.00047787057105095926 0.0007516665193254438 -0.0015714250051524492 0.0003411414010276786 0.0023851741077926445 0.014233585088290526
386 3088 0.2655182843591183 0 -0.0004399214367904226 0.0004489078250454736 -0.0034424217351495044 -0.00034072492834616224 -0.0004105160803354055 0.012338390510143321
387 3096 0.27630314040243464 0 -0.0006289330105732046 0.0012818882280966083 0.0015324722033096243 0.008712467290622734 -0.005162588612185856 0.005306210168668608
388 3104 0.271673177857438 0 -0.0002809406252327737 0.0007947190347456481 0.0047346431398001335 0.0047002583054011615 -0.0021103387978158566 0.010912386591342124
389 3112 0.2762783590001165 0 -0.00030779302864029575 -0.0009620463374140481 0.005841657132072622 0.003213088847642591 -0.00795857660509297 0.010123233301097266
390 3120 0.2474516705988328 0 -0.000401911804140707 -0.0005889261165335966 0.005495921827326251 0.0061604767220879144 -0.005952794163363609 0.009918065258714824
391 3128 0.23421629626239743 0 -0.0003861700497026836 -0.00047860085531080756 0.004561511073057628 0.007732633434978882 -0.003581399711188252 0.010400868933305881
392 3136 0.2389280980797861 0 -0.0007266912124498899 -0.0008480514950440399 -0.0010110589542260706 0.004540897904249056 -0.005552400234901202 0.00920544788132992
393 3144 0.23613731279144481 0 -0.00040624629479239674 -0.0024041523259676623 0.004556580581828385 0.0033001431736841306 -0.011232290915581346 0.009618607152495327
394 3152 0.21207972398676891 0 -0.0007851698896714654 -0.0015387035114635278 0.0024650546531320454 0.0019329581997440462 -0.009386205567089785 0.009654373025170486
395 3160 0.19845529682287635 0 -0.0003692561927063142 -0.0009291026839886746 0.0034121615791627 0.00514502547152378 -0.007677934155104115 0.009241184756842163
396 3168 0.18046357651340122 0 -0.00041770648376957984 0.0006048591823760299 -0.00257163993106173 0.0004604084912946545 -0.0006385365272390331 0.012299437305493122
397 3176 0.1713677860430884 0 -0.0003570770641851588 0.001029230343187987 -0.0014598887086075068 0.002487315188181076 -0.00046312523415472425 0.011084269438542113
398 3184 0.17963619699649044 0 -0.0006158616653108938 0.0017495791837168792 -0.0032549707898281875 0.004599271822249143 0.0013052654312516185 0.010484700999204928
399 3192 0.20679382594968815 0 -0.0006982727095069754 0.0016800092735614223 -0.005622616483208043 0.0038286168175432605 -0.0004586034932658632 0.008427862168695881
400 3200 0.1901745842022709 0 -0.0006175881504279536 0.0012667776867596272 -0.0028214824252844033 0.005069415879017249 -0.002197775822036001 0.008375728514034547
401 3208 0.18280178257960794 0 -0.0007789619452368611 0.0017085961265831044 -0.00385124590530363 0.007070139717146093 -0.0008628388397067173 0.007532136532597098
402 3216 0.16962813477585373 0 -0.0005679861975936703 0.0017110573273889282 -0.0043256396237879805 0.0060648132990415585 -0.002754709271960526 0.006419843099587616
403 3224 0.15067326002653325 0 -0.0003518302081004621 0.0007422348702398106 -0.0010451297423733938 0.007173556621606643 -0.004620331920091802 0.006954080414923571
404 3232 0.17991813615797514 0 -0.0007814261069390078 0.0016848488459568225 -0.0009577125072849552 0.00788714380185472 -0.004410315818643385 0.00527984754140662
405 3240 0.19253855236138298 0 -0.0004887738490339839 0.0016161377057279996 -0.002156216496828743 0.00789749575369435 -0.0033963826047706588 0.00612417584625758
406 3248 0.21905511197983285 0 -0.0006456414032092333 0.0016903071979414918 -0.0007692814937334175 0.008844274282349377 -0.0066625725544857215 0.003277175354219159
407 3256 0.23024799715656535 0 -0.00024077928078797877 0.0014967678948005483 0.0003546505416658378 0.006215768259163521 -0.0053103058160948015 0.0066713525736570144
408 3264 0.23608525768754976 0 -0.0006802473714329605 0.004137284977996928 -0.004383823590444808 0.011514762644152465 0.000403284196619752 0.002711946667684784
409 3272 0.2674515843430084 0 -0.0001408270010943353 0.0021481786637134537 0.002526234108387615 0.009221747105973049 -0.0028743063018862175 0.006392267164999878
410 3280 0.269715245875703 0 -0.0005570245448344758 0.0031367392942715172 -0.001808620063990702 0.009780796046109555 -0.002324555070324924 0.003501613246960714
411 3288 0.25543856217985983 0 -0.0008620938527711425 0.002836473928765145 0.001749613417836739 0.010695788376681357 -0.003059743391714198 0.003972183879537471
412 3296 0.2420508061297453 0 -0.0008586186478024398 0.002958777089395066 0.002894066014364379 0.0062697706041998985 0.0005689787659702997 0.00862894474377874
413 3304 0.2653184003743924 0 -0.0005916031230979597 0.003956452889869344 -0.000932240429121816 0.008400170410284683 0.001471723064110583 0.00530621267101101
414 3312 0.2350908030483045 0 -0.000595480589547792 0.003879955337393131 -0.0006988056122376708 0.009994316206514413 -0.0030263416074261112 0.0021093101495598893
415 3320 0.21021448588336258 0 -0.00026655503139079336 0.003361086943248046 -0.0013537993888718075 0.010860051439782085 -0.006420962153290191 -4.213103260370483e-05
416 3328 0.1825989842127569 0 -0.0008268073026800229 0.004542987707090798 -0.001173978030420963 0.012670623051165284 -0.002888975063694196 -0.00015274102589511078
417 3336 0.16668567337044046 0 -0.0008578828840919212 0.003563055596132203 0.0022948429950117484 0.011271959513188492 -0.000653451361039835 0.00434875269189842
418 3344 0.16101880294275722 0 -0.0004775471709363107 0.0037807818058712517 0.0014130037708837593 0.012272350563726307 -0.0022927349074425133 0.0023377080170612252
419 3352 0.14585089888528452 0 -0.0003243335268081176 0.00350622992202062 0.00113740907381963 0.010522710180469977 -0.00263743508081967 0.0032941218695249175
420 3360 0.118986010439913 0 -0.0004312129358985744 0.004152649165552542 -8.567672913187459e-05 0.011308670464629952 -0.0008783045793174253 0.0027178687860215066
421 3368 0.1207805585896549 0 -0.0008081595951031544 0.003356401421923978 -0.00018865737798748545 0.009048121756549064 -0.0020416891936356728 0.003976508564742165
422 3376 0.10283798318524709 0 -0.0007584480986456404 0.003823686338117233 0.0006320332455486725 0.010099824798300398 -0.0003922933267142062 0.004356903604004373
423 3384 0.09167339960365731 0 -0.0002703788637983752 0.0036785620431568655 -0.0007720970124125663 0.009348766393274225 -0.0010833273531635505 0.0037142599913259165
424 3392 0.0909508448523415 0 -0.0007845963705960283 0.0033995551667896327 -0.00040239956131687173 0.009127656361480758 -0.0013090658259359083 0.004375486769087278
425 3400 0.08748918993526968 0 -0.0003843517642302636 0.0036245722151520693 -0.0007678954286895264 0.009373634298539124 -0.0008394287110726848 0.004181643272143834
426 3408 0.08657765810003648 0 -0.0005163859441086747 0.0036299597368946173 -0.0006163638804646856 0.00906401704276084 -0.000680260003585344 0.004454390427138333
427 3416 0.08842244166734127 0 -0.0009522496396834072 0.0036501983736286926 -0.0006559931232680977 0.007687720380385444 0.0003909344502486175 0.005715344504607569
428 3424 0.07778845027490482 0 -0.0005209994774759114 0.0037978793153392166 -0.0014850652167557941 0.009167342123760063 -0.0009016230574606246 0.003746328306395014
429 3432 0.08220456002787892 0 -0.0003771726930559396 0.003463857709789458 -0.0012621416516691419 0.00666695699103513 0.00028508912789476746 0.006126407096093217
430 3440 0.09401816497630887 0 -0.0007991879247774862 0.0036816017231884215 -0.0009610253352096891 0.006417325870534573 0.00042936807766840964 0.006073943424609985
431 3448 0.08719257060643959 0 -0.0005722999114398277 0.003937830957014809 -0.0016823845482684036 0.0071415298997708635 0.0013785057456536347 0.005852465681711611
432 3456 0.07589201578677197 0 -0.0010430708278306561 0.003877299143028018 -0.0011650415975707222 0.006921372083983193 0.0005285724148889757 0.005710024502616724
433 3464 0.07681649455743113 0 -0.0005329844098735875 0.0038481628207873847 -0.0008194323557629701 0.00810043717403924 1.730787944271108e-06 0.004840363286423715
434 3472 0.07259030566784459 0 -0.0003573697171540213 0.004031019175805319 -0.0011824365720327558 0.008216486107128348 0.0009584816601672147 0.00516123810610901
435 3480 0.0646142814319982 0 -0.000435565413094072 0.003960092790904429 -0.0012509722307734888 0.007406757126254168 0.0011397963081450147 0.005682792981649232
436 3488 0.0739352854800663 0 -0.00019329237049558646 0.0040426674676629975 -0.002389714030572604 0.007063064018118923 0.0021625807249032783 0.00613932119109002
437 3496 0.06634885429559985 0 -0.0001109896300701226 0.004142554619242742 -0.0011512554280401724 0.007775382426881961 0.0015456252168768504 0.005629442538851064
438 3504 0.05767439844772274 0 -0.0012387123333920658 0.004062536509132072 -0.001206168256606898 0.008331078795481974 0.00034728962456629297 0.004616352692657909
439 3512 0.05079025813320401 0 -0.0018483577039285625 0.004080567420904141 -0.0012483571884855749 0.008176644622744934 0.0010503619334798625 0.005139143710028439
440 3520 0.04972257616936498 0 0.00012451978389585832 0.00404155312521398 -0.0009728454270731486 0.007875027398991248 0.0011212129125351088 0.0054681500339468
441 3528 0.049885883247440456 0 -0.00026293071637376313 0.0039901332765370995 -0.001279707344040791 0.007189489896125516 0.0020505964196558483 0.006445364873001982
442 3536 0.046317961961314484 0 -0.0002930563003600996 0.004048802450721714 -0.0011180025057889078 0.007954214271928472 0.001121173590317315 0.005341578221785985
443 3544 0.042266154382792326 0 -0.00027723341218938884 0.004109048194487571 -0.0014049583618085367 0.008032651358048041 0.001642655862365384 0.005518373411693352
444 3552 0.04326974586396347 0 -0.0009179593975856497 0.00398438642875303 -0.001486314516316182 0.007569873051762741 0.0015696020795738046 0.005868044058279005
445 3560 0.048662458689263534 0 -0.0004821151657509464 0.003989070588677818 -0.0017624619350234659 0.008485773214745904 0.0006059941867715956 0.00470590082477927
446 3568 0.05932966100704665 0 -0.0005586214815022835 0.004022779273088061 -0.0021193016178065707 0.009403641688374827 0.00021240117051951645 0.0038449790018168523
447 3576 0.07393109196148881 0 -0.0007111683566676274 0.004030627357752809 -0.0020877938526564738 0.009343845432184757 0.0004308741331453176 0.004101142577009208
448 3584 0.07328259061892582 0 -0.0003924724579132167 0.003981756849032531 -0.002120012085060233 0.008629863540113794 0.001213614550037415 0.004979397279733008
449 3592 0.07620873312824608 0 -0.0007119298488770062 0.0039045573422186795 -0.002516061083556504 0.00907200455425045 0.0004994182397258199 0.004309083321183858
450 3600 0.09331227025700195 0 -0.000701758621803554 0.003928869563517334 -0.0031450225904903666 0.008706027676348128 0.0013222635813294127 0.004827087702048662
451 3608 0.09297600339886852 0 -0.00021631401449655787 0.004061650708613635 -0.0017223371866526835 0.008024963338896502 0.0017601402781973487 0.005686908512084386
452 3616 0.09426449414325451 0 -0.0007962330738473146 0.00383671551245997 -0.002020588586229488 0.0077404014894390085 0.0017241271545884473 0.006079320988203731
453 3624 0.0912586125199519 0 -0.00032390580358095984 0.0038735887922284468 -0.0035112428670592156 0.007821394750644261 0.001397383204383122 0.005289239869753331
454 3632 0.0902280343327769 0 -0.00036381144881678714 0.003788478321164116 -0.0034278495405995722 0.007870571302615101 0.0010326917712758757 0.00515858715344319
455 3640 0.07807788794963522 0 -0.00037258669608506193 0.0038459202804405047 -0.0025303434571633276 0.007547823311077502 0.0014978055854177998 0.005783377242905043
456 3648 0.08599531862914953 0 -0.00026153196550064435 0.0037780378631637156 -0.003676576813988622 0.008049856000494609 0.0013820772433242668 0.005345915876434711
457 3656 0.08481967255864654 0 -0.0004614584363774847 0.0038486202518015315 -0.0035859247402816635 0.008086947374376178 0.0013827174244290558 0.005260028535889816
458 3664 0.07417503418675303 0 -0.0004919684779681177 0.0038422766922508564 -0.00418761297528072 0.00828896344222962 0.0010392607974261429 0.004705203073023569
459 3672 0.06971503253066842 0 -0.0002881193607917902 0.003816118759434746 -0.0031447853070433393 0.0075931076161520165 0.001071710413723967 0.0054009669379135854
460 3680 0.061310237543912675 0 -0.000475964312213256 0.0038740347031674138 -0.003193145210525662 0.007527364848747468 0.0016485909876090767 0.005748278908906739
461 3688 0.058171747965740296 0 -0.0005150564245959296 0.003971831097610488 -0.003474590421393143 0.008308659702243069 0.0015201051569274943 0.0050513420749860195
462 3696 0.05311712914585115 0 -0.0006486199248365544 0.0038645480526052593 -0.0032346669781783896 0.007146850597061574 0.0018159918039991764 0.006004278200875509
463 3704 0.05792204477109973 0 -0.0008099997233307494 0.003996935028446328 -0.0034535310273906216 0.008931882592494427 0.0015139553444996575 0.004756304846475333
464 3712 0.05549245275338016 0 -0.0004225973860244167 0.0039722738974112305 -0.0032217358254496282 0.008566880633143335 0.0012626507042138246 0.004818323137326541
465 3720 0.0576834830979435 0 -0.0009335940031935219 0.004003038569750962 -0.0035243133126190694 0.008910870179273207 0.0014865323114074402 0.004651843983223979
466 3728 0.05430591254916855 0 -0.00038120887721992535 0.00400385671510019 -0.003468874322026857 0.00806046490436696 0.0018866298281527516 0.005354482539357222
467 3736 0.0577436169987962 0 -0.0003744883128229333 0.003961435832493395 -0.0035295515519153135 0.00790111883590605 0.0018983659631837682 0.0054494449048541616
468 3744 0.06642390183339485 0 -0.0005520904111566151 0.003915954112548473 -0.004051557445597108 0.0075825568078133725 0.0020592868445654926 0.005638935891602952
469 3752 0.06320376238564084 0 -0.00047352794938121265 0.00391554070441465 -0.00428250534689883 0.007639219874603198 0.0018207817609596976 0.0054200413882308
470 3760 0.06043148750955663 0 -0.0005783820272392145 0.003972262184378135 -0.0035946922231021947 0.008062339515476531 0.0014826976348430204 0.005056613635504404
471 3768 0.054239007537158566 0 -0.0004170021531948594 0.003909769752169418 -0.0037935981184327103 0.007910799122901241 0.0016509565084447703 0.005294546162892873
472 3776 0.0505135468761984 0 -0.0006990891302977709 0.003928484495254554 -0.0034456548257640962 0.00804228259207866 0.0015509398837109194 0.005224800754434451
473 3784 0.05180760133979502 0 -0.0007734673274987125 0.003954854059337534 -0.0031373664766277494 0.008477745464034583 0.0012667753433154194 0.004881954786848748
474 3792 0.05451791138620785 0 -0.00029524200547931213 0.00391989672892121 -0.0028685083991978064 0.007508407452264065 0.0017240037142812093 0.005719298582149678
475 3800 0.054518836922253504 0 -0.0009847521070982116 0.003910798731687026 -0.0028467654863315005 0.007247928129910581 0.0018116898098868742 0.005945787834336986
476 3808 0.06355332141232858 0 -0.00044911427429823373 0.0038839587297123416 -0.002417834819317159 0.0065266605969963865 0.0021012699081596944 0.006598243619642159
477 3816 0.06239798701776814 0 -0.00019020197896208222 0.0038184945010530974 -0.0036128392413388587 0.007088785813474804 0.0015797047560602744 0.005757976846650496
478 3824 0.06047476294827644 0 -0.0004596101196935925 0.003887607794686209 -0.0035586617027361113 0.007295293011711809 0.0017458207750305473 0.005730304236440831
479 3832 0.0617113984729266 0 -0.0004657953628027749 0.003863876897424291 -0.0036271815791908556 0.0073914752458611385 0.001628658505395189 0.00563380472520931
480 3840 0.07277843842053096 0 -0.0006861985963363879 0.0037715923239060195 -0.004644677633200775 0.006931571648710863 0.0017595371226985308 0.00579265511298695
481 3848 0.0802768788035254 0 -0.00016769809256221558 0.0037596951635399207 -0.004501404368782465 0.006126267399379304 0.0021010918732741485 0.0064481426565307556
482 3856 0.06696797680895382 0 -0.0007718591030618235 0.003865763671187944 -0.0036722595309639106 0.006921628232369735 0.0019266998038056974 0.006032626766382718
483 3864 0.05842816337471535 0 -0.000709125825547147 0.0038477100469042212 -0.0038134798009263108 0.007030363341435846 0.001636524562968024 0.00576054328670375
484 3872 0.06615226659943216 0 -0.0005574353289072357 0.0039013567503904355 -0.0039580329849137515 0.007043746457761868 0.0022356091806790906 0.006107531150844078
485 3880 0.07543711597360242 0 -0.0002140810998502157 0.003919037381526957 -0.003625481339179182 0.00671590441628307 0.0023527770096783006 0.0063809338036387685
486 3888 0.06967126102002098 0 -0.0005204867749309817 0.0039000269585218374 -0.0028121425029040657 0.006196399723901285 0.002340578730778867 0.006845912204074055
487 3896 0.07348855525394626 0 -0.0008168742028865446 0.003872926584580555 -0.003944498275459934 0.006837808942189199 0.0023026338589213643 0.006307504257260629
488 3904 0.06642870936152175 0 -5.0993150162716156e-05 0.003804872693529509 -0.0036167182945035102 0.006503305581725181 0.0021813836903840085 0.006512820815097913
489 3912 0.06127110748758904 0 -0.0006482955427786068 0.0038699826667842312 -0.003976395446884643 0.007071554137223098 0.0020913929894865505 0.006021513416688033
490 3920 0.05939956773041969 0 -0.0004569654116056991 0.003839785636433288 -0.003195813965213924 0.0063243000562088845 0.0024811253282485375 0.0068753424718386216
491 3928 0.05545982617733463 0 -0.0003986162203224507 0.0037927835253117157 -0.0035914936338584482 0.006492043470092299 0.002136343895002317 0.006534937655719648
492 3936 0.05816556925519882 0 -0.0007786861257232492 0.003765527426286826 -0.003624655953919876 0.006475767567150804 0.002196445282773189 0.006654885272140155
493 3944 0.05745555130158397 0 -0.0005110528830780871 0.0038458073400764567 -0.003424040830975648 0.006138357320297431 0.002722688257470713 0.007099017709564265
494 3952 0.05445679374032003 0 -0.0007196420022752625 0.0037774850383055186 -0.003821298514859664 0.006392975080567192 0.0024378101345781163 0.006739227065585067
495 3960 0.05260467655639476 0 -0.0009949164369914326 0.0037091923944738594 -0.0039029473921132975 0.006476166050285201 0.0021081129850313825 0.006566550577173597
496 3968 0.05826237235750492 0 -0.0006757401355321817 0.0037330423953382355 -0.00395788828743498 0.006567025538531631 0.002193952853900944 0.006558456099200949
497 3976 0.06558634359633642 0 -0.0007656783138661404 0.0038798222699530202 -0.0031311635876897963 0.006341427089969098 0.002941827541718833 0.0071891317147187266
498 3984 0.0747812605817689 0 -0.0005185941638242812 0.003810031549535187 -0.003403010666109332 0.006649605342905977 0.002583842145827777 0.006794023714767078
499 3992 0.08279008216043277 0 -0.0009683412378453955 0.0038461079078013724 -0.0035606131352888207 0.006822049941016294 0.002502194502030071 0.006566262310086784
500 4000 0.10021120800275074 0 -0.0007725780184547434 0.0038806062516861667 -0.0025712282026895197 0.006794949435372714 0.0027779227283468867 0.006927524110807827
501 4008 0.10330587805191785 0 -0.00011681726014675444 0.0038640683994465765 -0.002389848910870379 0.006768483637887725 0.0029171466136166018 0.007175959016935977
502 4016 0.09684420953903754 0 -0.0009072011286942968 0.003873742144460678 -0.0022488238532637297 0.006392953960885343 0.0033200751948851102 0.007630955551417285
503 4024 0.08874862112441652 0 -0.0005353169642333034 0.003840815384832613 -0.0027810818496219565 0.0063915046028031035 0.003247378714151758 0.007470713998794475
504 4032 0.0962621533940897 0 -0.0007114964417988831 0.003853216492595745 -0.0015961089722505424 0.005642636850921113 0.003700984235031837 0.008364209600045861
505 4040 0.08768701412842102 0 -0.00021496561937171227 0.0038760450471300605 -0.0022964419519158085 0.006255547234701211 0.0028417888372441135 0.007317659619637805
506 4048 0.08406636614975561 0 -0.0006666784272246528 0.0039062163105446314 -0.0024496207078150115 0.006139313023553385 0.002993622089495754 0.007372581864198703
507 4056 0.09946727813592701 0 -0.0003984768221176729 0.003890795757839359 -0.0028534601108768324 0.005548833268556441 0.00299182059735703 0.007610999026962784
508 4064 0.10369503544916 0 -0.0010439881304522398 0.0038787532816963086 -0.0029580242949667625 0.006632140818700893 0.0024754658628795435 0.006726182666548385
509 4072 0.09960113162298055 0 -0.0005498341212098974 0.00383971466172094 -0.0028061486928151348 0.006372586734130808 0.0024140584572337584 0.006847271746076012
510 4080 0.08982488344531997 0 -0.00021149028490573875 0.003816494173102208 -0.0033575521513439315 0.006327393834492052 0.0024413002661216915 0.006801738353876159
511 4088 0.08711701340604565 0 -0.0005125236793445297 0.0038689426378982843 -0.0024046322456530676 0.006110271096664977 0.0025643294403236397 0.007122938562761869
512 4096 0.08520995632232942 0 -0.00043697560286938005 0.003823941656536968 -0.002397946492413284 0.0059509998795759704 0.0033616576500869895 0.00785103078305228
513 4104 0.08163440868421508 0 -0.00021754077923472038 0.003890749259850108 -0.0020357009981449995 0.005897336467009165 0.0034199853253496122 0.007872264121375002
514 4112 0.08335805010273972 0 -0.0008734294369735572 0.003907440576199101 -0.0015810846918456766 0.005118640342045833 0.0037864090914318635 0.00857977111571889
515 4120 0.1021526811740376 0 -0.0003176511852273848 0.003928282784727248 -0.0012093298020227424 0.004441847739258459 0.004233905361520775 0.009270003688998196
516 4128 0.11578287554594821 0 -0.00046506246419740775 0.0037357113991652612 -0.002989633927448307 0.005014549955951868 0.0028873205344651333 0.00789884911084368
517 4136 0.09992912965873246 0 -0.00043685214692215884 0.0038484709718110874 -0.0026776829960324326 0.005915776449772861 0.003089368962441676 0.007584989833624042
518 4144 0.09228507672999868 0 -0.0007296557640517399 0.003903353017695071 -0.0020700722511862364 0.005004010036029791 0.003698904320255158 0.008473936637998497
519 4152 0.07747958683190356 0 -0.0005074076189588289 0.003832915258970757 -0.0025511554947483706 0.005480666351530342 0.003514120881501275 0.008098123441150356
520 4160 0.06997035486667269 0 -0.0006820901128202107 0.0038473461407697723 -0.0024177337331550345 0.005455181525585624 0.003264091863880522 0.00795262259575724
521 4168 0.07931410927635607 0 -0.0005611397540688999 0.003919991398944095 -0.0018748704324117534 0.006184984727289394 0.003350099718382216 0.007706456396587244
522 4176 0.07207505816666158 0 -0.0006080522733068255 0.003912768405566078 -0.002328238497105721 0.005973405960443053 0.0033123004815835628 0.007669807422994939
523 4184 0.07160586395246339 0 -0.0001995386253827934 0.0037979793226192585 -0.0033204788958804995 0.00591120403285683 0.002959527748664251 0.007373970368921636
524 4192 0.07085631884399368 0 -0.0006258627243456369 0.0038107028377240624 -0.0032462937374533214 0.00630284857195787 0.002756606365956627 0.007043191072770685
525 4200 0.06315865626120246 0 -0.0005895446227928347 0.0037912566782044087 -0.0035156565719040253 0.006044271872549349 0.002898500252981356 0.007240060600000604
526 4208 0.06780745009454736 0 -0.000874982102768663 0.003810394687015465 -0.002723738599716115 0.005510672785119176 0.0034769828050606995 0.008041267526416873
527 4216 0.0639797675580041 0 -0.00044330891116299917 0.00379095849676946 -0.003244144846199856 0.005854940676025062 0.002972514344621956 0.007439425393059314
528 4224 0.06141858181754082 0 -0.0008093594072481481 0.0038079669213019773 -0.003260154435985165 0.0060936082208162224 0.0027322753647098766 0.007147502106786453
529 4232 0.05531955584227797 0 -0.0003352682570165046 0.0038342148421582653 -0.0028464587854748766 0.0058979940336540805 0.0028683656946526352 0.007396467474349737
530 4240 0.04908027697792822 0 -0.0004098051732289653 0.003817394371432733 -0.002986999370603601 0.005816460724176267 0.002989091172429308 0.0075080411101820605
531 4248 0.04550265984909332 0 -0.0002510728205126782 0.0038383455777177217 -0.003047967687432401 0.006102412979274624 0.0030290054408604206 0.007347872060226011
532 4256 0.04290054058191731 0 -0.0005037576654986327 0.003857342771404633 -0.0025676721324973174 0.005637738529865057 0.0033796895710363436 0.007894405529531766
533 4264 0.03883043373752999 0 -0.0007068803190127351 0.0038581353639445762 -0.002566572630473265 0.005704748445237913 0.003340867763476827 0.007836953700267222
534 4272 0.04060239214448239 0 -0.0006896863392488089 0.003889862901747995 -0.0022418399833302517 0.005678202458800815 0.0035639905508395185 0.00804093115558579
535 4280 0.042085603005296957 0 -0.0009133614184031804 0.0038751472793559644 -0.0022325267574464613 0.005804197970900049 0.0033823912805961425 0.007867646335926678
536 4288 0.03771193409397587 0 -0.0006147210158948477 0.0038660714523985184 -0.002508465827959611 0.00586169001816834 0.00333141018735725 0.007750109214118319
537 4296 0.03764175724865286 0 -0.0005379984587959788 0.0038294500567790726 -0.0029218659978744884 0.005720080936977935 0.003238394946318933 0.00770341999600322
538 4304 0.03719862245019865 0 -0.00014167922437319014 0.00388197982311794 -0.0024055236718875015 0.005858084174699443 0.0034324622869946085 0.0078269839106723
539 4312 0.035584426506286786 0 -0.00022977437436685834 0.003916601512900829 -0.0020437106113107084 0.005838566019229753 0.003513120162630829 0.007936529608084065
540 4320 0.03839998028208413 0 -0.0006599592533633311 0.003916912730325051 -0.0020915563949237617 0.005924597809339157 0.0034893800298092413 0.007855612157585297
541 4328 0.033871944459388605 0 -0.000439536969540749 0.0038748532347109028 -0.0025259941040829217 0.005888390313860742 0.0033070814251973018 0.007709414544554843
542 4336 0.0312722951443098 0 -0.0003502700926544192 0.003859056596779088 -0.0027223178306181473 0.005905118748412725 0.0032885835931980166 0.0076659916071183856
543 4344 0.029240537108657 0 -0.00041510462972443185 0.0039009465160668296 -0.002297808200397902 0.005839165756429603 0.003545556197618152 0.007917607864153181
544 4352 0.02681173736414235 0 -0.0005898169739432845 0.00392229730177702 -0.0020828327969663303 0.005937022515188794 0.0035476029416463524 0.007890429725380862
545 4360 0.028436332338167915 0 -0.000393034916704172 0.003896283705938234 -0.002385412883554771 0.005842824401789112 0.0035373255099545226 0.00788860666182323
546 4368 0.028980648360862105 0 -0.0005500141340076773 0.003924160099248784 -0.0019944114093666094 0.005843036845427874 0.0036348916879203196 0.008018491226818665
547 4376 0.027922544835189446 0 -0.0007740917844939943 0.0039086732561116385 -0.0021917718187214174 0.005856423814909466 0.003528260462134359 0.007908702512961418
548 4384 0.02580828675078393 0 -0.00014845335195912132 0.0039123169000511715 -0.002195623551003112 0.005862867640939021 0.003526107205977591 0.00790285637977402
549 4392 0.02281607300645606 0 -0.0003496755537962121 0.003897253635055637 -0.002326615021354555 0.005865854307002868 0.003448652786162939 0.007835468035790402
550 4400 0.01963493122612926 0 5.795160900694314e-05 0.003912503792699561 -0.0022016300451713463 0.005897252077878019 0.003560408203355198 0.00790435051958813
551 4408 0.01664929379070042 0 -0.00042155225750548336 0.003907051275219652 -0.0022548620799243725 0.00589090707754751 0.003490478687217762 0.007856634307151883
552 4416 0.014083291025954247 0 -0.0004619726719660233 0.003911575847522341 -0.0022225464465129787 0.005926298563143255 0.0034923582906537833 0.007844050282244847
553 4424 0.016478097067989122 0 -0.0002621728227673981 0.003917203694237617 -0.002103984172188424 0.0058948137469733925 0.003602998356973124 0.007954660379400251
554 4432 0.017914100418117983 0 -0.0008352722791604355 0.003915509001797932 -0.0021005290852851755 0.005861995089408438 0.00360004229788875 0.007973187257735926
555 4440 0.017690462452502897 0 -0.00018407133966928375 0.003924842999879588 -0.002046612783830074 0.005906451461460585 0.0035906286962861726 0.007945446597649133
556 4448 0.018093946351435332 0 -0.000757775312295499 0.003913180530484914 -0.0022029537952089743 0.005933240114745739 0.003517527697899525 0.007859964261876825
557 4456 0.020962215047354568 0 -0.000462544519899979 0.0039169025717249225 -0.0022150602239100568 0.005913875555725053 0.0035164153787448763 0.007863670269962502
558 4464 0.023789908055403236 0 -0.001233138691982461 0.0039139792381608935 -0.00220311934137385 0.005873485630415728 0.003566689054904649 0.007925901720957857
559 4472 0.021595650970520613 0 -0.00031167005677801735 0.00390955380379129 -0.0022250781144649997 0.005869421684852172 0.003513705393169078 0.007888473496957734
560 4480 0.021076027236111447 0 1.1638164209906577e-05 0.0039006434091295723 -0.002386054308103471 0.005915769595791609 0.0034952213361424574 0.00782999936237668
561 4488 0.02350985974726148 0 -0.00010881758394852629 0.0038812062328134095 -0.0025891377784262267 0.005895981467592441 0.003389681198532349 0.0077472884407998495
562 4496 0.021313614629047926 0 -0.000168355702971863 0.0038819995907020993 -0.0025156692434004013 0.00587754868274679 0.003428138624993211 0.0077944770549895235
563 4504 0.02120516338643799 0 -0.0005843198947427468 0.003904628495968764 -0.0023832490265711724 0.005917061046044337 0.0034323595559481493 0.007780497076944596
564 4512 0.02373124143071424 0 -0.0006016484316310891 0.003918493934157438 -0.0022193513647203187 0.00586430440226132 0.0034621144081049353 0.007847568902880086
565 4520 0.022801607766948746 0 -0.0008179270669497866 0.0039170162824425725 -0.002236368204329607 0.005873879679151564 0.003522662457482156 0.007881808396897358
566 4528 0.023812962064855805 0 -0.0007735107566555868 0.003930238724658602 -0.002049995112476776 0.005802468182078947 0.0036363135012104355 0.008021849240319368
567 4536 0.02456971693594859 0 -0.0005719997795881671 0.003918954800317029 -0.0021391442768370324 0.005871671297443587 0.003522670617214799 0.00790362671576396
568 4544 0.020170514070310237 0 -0.000634731629031835 0.003905641094040309 -0.002339868152049012 0.005920154566071732 0.0034283795728327396 0.007786511004306356
569 4552 0.01996897694987274 0 -0.0005185761293812952 0.003897314689476857 -0.0024849954872021556 0.005923513525345918 0.0033712288986182076 0.007722556312215833
570 4560 0.01780308765298625 0 -0.0008516898494225024 0.003907589535074367 -0.002356573313957214 0.0059024193411769945 0.003442776793051084 0.007796354448335954
571 4568 0.018557805561947336 0 -0.00032398468531995756 0.003907890368325717 -0.0022741879821766837 0.005901763170222993 0.003518623782021606 0.007869999309687842
572 4576 0.017936081839411845 0 -0.0003763914174427141 0.003906553123413667 -0.002308314550054265 0.005878301653627377 0.003495852005766977 0.007858883525832385
573 4584 0.017320425832451622 0 -0.0005149556825422126 0.0039031584426503243 -0.0023307526524125335 0.005901574130207505 0.0034946786794319284 0.007845778847881589
574 4592 0.014428811469337116 0 -0.0004966167893420798 0.003906943139139838 -0.0022929829890115418 0.005893977120758497 0.003503411362425485 0.007859716309665902
575 4600 0.012942459157639925 0 -0.00014630128477412344 0.0039038207531311543 -0.0023189431040355857 0.00590239317744902 0.0034756486692169367 0.00783446328071629
576 4608 0.012231612325348737 0 -0.00041120529682529296 0.003903678212944824 -0.0023058957292063278 0.00588845427927413 0.0035096989047763067 0.007868554870484303
577 4616 0.011347875560935734 0 -0.0005557368143998369 0.00390889213278496 -0.0022716962074179094 0.005904852507985591 0.003497996920777471 0.007852158849328113
578 4624 0.01394273160118033 0 -0.00048139829592990077 0.003894503604026024 -0.002465853572858299 0.005931420159862309 0.0033851575145482367 0.007735082455673107
579 4632 0.01592055952784285 0 -0.0006183418380652297 0.0038859867075712487 -0.0025381442993593667 0.005945791452370708 0.0033610048529995793 0.007707380331391001
580 4640 0.01720317038605944 0 -0.000345646735518261 0.0038867483926504154 -0.0025479104235892436 0.00598088137633877 0.003343663337899718 0.007673404554552099
581 4648 0.017076982687944043 0 -0.0006145862142780533 0.0038639938307849335 -0.002825313065154194 0.006019760211290228 0.0031738169643917204 0.00750356377073955
582 4656 0.01712401062434222 0 -0.0008076835904848039 0.003882505850617401 -0.002558898521882846 0.00594367890562467 0.0033457595928356077 0.00769657808879135
583 4664 0.01743013092166306 0 -0.0005953369850286681 0.0038873426937755117 -0.0024982198903161046 0.0059190469157516575 0.003384713882899031 0.007742116996554265
584 4672 0.019185122910143383 0 -0.0006638832007350795 0.0038732474342924135 -0.0026325438586400625 0.005946490033093464 0.003307543733467138 0.007661356015611323
585 4680 0.020676687867234048 0 -0.0007954596345743674 0.0038757372596138623 -0.0025941749735884376 0.005957165512555607 0.0033706442820395422 0.007707948052474238
586 4688 0.023471583096218024 0 -0.0011799069305060016 0.003899021941975215 -0.00236174362350278 0.0058915637102313345 0.003496282283523078 0.0078501966163442
587 4696 0.019386087973615993 0 -0.0011659284639679195 0.003885942762964411 -0.002516371529086851 0.005935999437198978 0.0033877626969140745 0.007735327751471954
588 4704 0.01993200980324427 0 -0.0005832601707748582 0.003882239633239285 -0.0025301363867907354 0.005968386703948926 0.0033480555781191883 0.007691822841494954
589 4712 0.020584688741232766 0 -0.0005713104438003357 0.003891235882051213 -0.002437067328116914 0.005970319716198532 0.00338385989773062 0.0077251385801282435
590 4720 0.01851867703360899 0 -0.0005741186796020565 0.0038964766627378783 -0.0024033783778593947 0.005899359339183913 0.0034321535587579443 0.007794102941410835
